0	5.3503323
1.003532776075	5.7097106
2.007065553388	10.91698
3.010598332063	11.913417
4.014131109563	5.9293532
5.017663886325	4.6277394
6.021196660163	7.5202632
7.024729437238	4.9474363
8.028262210163	8.3936386
9.031794983913001	12.47587
10.035327753438	17.130138
11.038860522875	8.2847099
12.042393295163	12.763344
13.04592606395	7.0092149
14.049458835613	7.3222809
15.052991610738	4.8633814
16.056524382025	10.753045
17.06005716095	5.9019494
18.063589935463	13.403516
19.067122702625	7.9550419
20.070655474775	12.333321
21.074188244775	9.7965746
22.0777210112	8.8873348
23.081253783163	6.928812
24.08478655425	4.4628692
25.088319330213	7.3695507
26.09185210195	6.4844131
27.095384868163	8.4569616
28.098917636544	7.6188445
29.10245040205	7.3274765
30.10598316135	11.299004
31.109515921513	6.6449065
32.113048682794	8.7595186
33.1165814485	3.9895153
34.120114211925	9.4490194
35.123646977013	9.6654587
36.127179750363	13.305448
37.130712521388	10.52173
38.134245291625	5.3502073
39.137778054838	10.272502
40.141310819125	4.0305619
41.1448435849	6.5553637
42.148376353588	6.2247901
43.151909122213	5.5673308
44.155441898463	9.5256939
45.158974676138	12.55411
46.162507453163	11.81399
47.166040218263	13.171568
48.169572991513	6.4257374
49.1731057622	4.5993385
50.176638538613	4.6234097
51.180171315925	7.1027641
52.183704088725	8.2184467
53.187236862625	13.300476
54.190769637725	10.211585
55.194302412088	5.3431821
56.1978351808	8.457799
57.201367947075	8.5204391
58.204900713525	7.102407
59.208433488788	8.306633
60.211966263963	6.9210496
61.21549903695	11.875359
62.219031813063	5.1335802
63.222564590938	10.360808
64.226097365238	9.2024651
65.229630138113	5.6153865
66.23316291458799	9.2363129
67.2366956945	7.7749724
68.24022847145	14.869488
69.243761244963	8.9027634
70.24729402025	3.2076633
71.250826795225	13.704339
72.25435957243199	14.492964
73.257892355313	11.491091
74.26142513764999	13.480661
75.264957924	8.7030554
76.268490707813	6.1896925
77.272023497825	3.5423491
78.27555628192499	8.7029829
79.279089075	6.0535197
80.282621867313	8.1394119
81.286154660713	9.0487118
82.289687447494	8.3456659
83.293220220363	4.795208
84.296752997163	6.7763853
85.30028577241301	8.2800751
86.3038185472	13.970524
87.307351322938	8.7076845
88.31088410197499	9.3616362
89.314416884607	4.8127766
90.317949667988	11.269878
91.321482441225	6.4239068
92.325015220594	9.7553749
93.32854800244999	13.54939
94.332080782788	13.661605
95.33561355286299	9.3430347
96.339146326663	6.3469901
97.342679106475	7.8868389
98.34621187903799	4.721086
99.34974465604999	6.7943554
100.353277435238	7.4976144
101.356810211813	10.727957
102.360342987288	9.5044603
103.363875763913	9.3661966
104.367408536	7.5410514
105.370941304113	11.301785
106.374474074238	12.02692
107.378006852213	8.6613998
108.381539626075	8.0564442
109.3850723993	10.194346
110.388605173463	10.528286
111.392137948525	5.7870579
112.395670725463	6.7820449
113.399203498957	9.437562
114.402736276013	9.9089327
115.406269052738	5.162869
116.409801832138	10.085942
117.413334606282	6.989707
118.416867373663	9.5498495
119.420400150688	6.4097586
120.423932930263	5.883009
121.427465707038	16.618746
122.430998486213	11.302549
123.434531264775	7.5822983
124.438064046157	13.155442
125.441596830838	8.3986931
126.445129608275	10.545252
127.448662381363	11.973897
128.452195158838	7.8322244
129.4557279359	8.0045376
130.459260710563	11.516212
131.462793489563	3.0010169
132.466326272788	13.301375
133.469859057394	4.5940733
134.473391841813	8.7571554
135.47692462475	6.9701581
136.480457407075	6.6531239
137.483990185138	13.672272
138.487522960725	11.91722
139.491055740125	14.928579
140.494588518488	10.635403
141.498121295463	12.243669
142.501654078438	8.1109524
143.505186866613	7.2645359
144.508719648638	10.553658
145.512252424563	11.503423
146.515785205738	9.8560228
147.519317990838	7.075192
148.522850773688	5.8405857
149.526383556063	6.2897024
150.529916336788	7.3896637
151.533449114038	10.531412
152.536981889513	8.0080948
153.540514668213	7.350924
154.544047446713	11.550603
155.547580225813	11.887721
156.551113001988	8.837883
157.554645777513	8.3069544
158.558178553013	11.683603
159.561711327963	13.984259
160.565244102725	13.654575
161.5687768824	17.03735
162.572309664438	9.8815641
163.575842441113	5.9523096
164.57937522155	11.789116
165.582907995175	11.261879
166.586440775188	14.088186
167.589973558688	7.2536454
168.593506338825	5.9145894
169.597039120438	9.9899874
170.600571896725	10.347469
171.604104672788	10.511006
172.607637453588	6.6286221
173.611170236413	6.5012436
174.614703017963	9.1486559
175.618235795638	12.739584
176.621768568988	11.416552
177.62530134755	6.9258885
178.628834121538	14.219038
179.632366900138	10.12425
180.635899685013	9.9859543
181.639432469663	7.7530317
182.642965245513	14.235685
183.646498027563	8.4805088
184.650030810807	9.8419113
185.653563596413	16.205969
186.657096377938	13.217482
187.660629160088	23.155102
188.664161944963	20.528587
189.667694727975	20.036211
190.671227511188	20.415804
191.674760295188	30.82527
192.678293070313	24.61245
193.681825848625	17.981533
194.6853586315	22.8265
195.688891418475	26.035662
196.6924242037	31.230785
197.695956985813	29.579271
198.699489767213	33.906895
199.703022549875	28.478704
200.706555330688	17.212894
201.710088104263	37.18222
202.713620890463	36.775478
203.71715367615	41.565163
204.720686460588	28.489866
205.724219246638	34.378262
206.72775203315	45.872494
207.731284821463	41.739471
208.734817606275	42.651176
209.738350394263	38.583313
210.741883180463	38.310635
211.745415972569	38.161655
212.748948764288	51.538788
213.752481551613	63.970646
214.756014341425	52.276924
215.759547125463	55.206879
216.7630799062	69.705238
217.766612697313	59.357178
218.770145486057	60.802853
219.77367827075	78.111656
220.777211058713	66.333008
221.780743845225	64.004295
222.784276627113	64.369476
223.787809401813	76.878014
224.791342177213	68.978897
225.79487496415	79.672081
226.798407744613	76.803169
227.801940529513	84.524826
228.805473316419	98.943123
229.809006093088	72.005302
230.8125388694	83.745506
231.816071650488	84.956039
232.819604433382	77.460716
233.823137219925	95.249992
234.826669998738	104.81319
235.830202780613	147.00276
236.833735558488	118.71025
237.837268338975	110.31969
238.840801121119	111.35894
239.844333903613	107.965
240.847866680475	99.870361
241.851399455313	109.55306
242.854932237413	122.06018
243.858465014125	138.5139
244.861997784188	136.55618
245.865530565688	135.79016
246.869063351188	136.47726
247.872596132694	113.09559
248.876128911075	111.09267
249.879661689375	157.54832
250.883194461238	135.59758
251.88672723115	136.31215
252.890260006875	148.40538
253.893792784613	144.93582
254.897325558763	152.30531
255.900858333944	132.88139
256.90439111025	135.34657
257.907923884913	135.2935
258.911456658775	159.78993
259.914989437857	163.46001
260.91852221435	136.13309
261.922054998013	177.31258
262.925587780925	164.57028
263.929120563963	182.08977
264.932653336675	174.06187
265.936186112013	182.64049
266.93971888885	182.8405
267.9432516606	143.60963
268.946784435863	169.53279
269.95031721875	173.73882
270.953849993788	171.45798
271.957382765882	189.85982
272.960915536188	167.20663
273.964448315113	179.79773
274.9679810886	158.64647
275.971513861525	171.0592
276.975046631325	174.4287
277.978579404375	175.45717
278.982112175563	222.73026
279.985644936538	163.72488
280.989177703575	171.75932
281.992710476375	175.98921
282.996243254875	171.50142
283.999776036263	214.32535
285.003308814438	206.00145
286.00684159175	222.58698
287.010374374088	201.50037
288.013907158213	200.19713
289.017439940863	244.04787
290.020972725463	248.51369
291.024505512113	198.51711
292.028038295138	224.27669
293.031571072038	240.87881
294.035103852588	237.06828
295.038636627838	227.11604
296.042169404963	224.07368
297.04570218025	215.39932
298.049234955463	220.93161
299.052767737825	223.37419
300.056300525188	213.91238
301.059833301025	200.40559
302.0633660787	217.04167
303.066898856613	243.50623
304.070431632563	223.10545
305.073964416613	211.27623
306.077497198463	197.65613
307.08102998675	237.26042
308.084562774813	219.67668
309.088095560163	218.52686
310.091628340638	192.81384
311.095161114163	224.21336
312.098693884225	198.05461
313.102226653663	254.27846
314.105759426888	242.87973
315.10929220665	223.75777
316.112824982263	226.90433
317.116357758232	231.83426
318.119890537113	196.06892
319.12342331985	201.52901
320.126956099113	207.40292
321.13048887595	217.75661
322.134021654575	213.12108
323.137554431613	214.92838
324.141087206588	248.62598
325.144619983313	250.8356
326.148152762138	196.34999
327.151685536263	224.66129
328.155218318288	202.96021
329.158751100838	192.3624
330.162283880088	207.72661
331.165816663013	229.7448
332.169349451113	261.65765
333.172882234038	220.11205
334.176415008763	178.13966
335.179947784888	222.95815
336.183480559463	203.49333
337.187013330588	212.16087
338.190546102175	191.11508
339.194078874513	176.30748
340.197611645313	181.24525
341.201144421738	185.80653
342.204677194832	173.62196
343.20820997115	171.4136
344.211742745525	203.12637
345.215275525375	171.60214
346.218808306763	162.37273
347.222341087413	166.92256
348.225873872438	182.42148
349.229406653813	158.91048
350.232939429988	142.8445
351.236472198625	151.29698
352.240004975013	141.2222
353.243537756488	123.70473
354.247070541125	164.64459
355.250603323563	139.87415
356.254136105525	141.57509
357.257668879675	164.47818
358.261201661188	121.24873
359.264734438063	130.07196
360.268267211313	120.46468
361.271799986588	123.44571
362.275332760975	129.05942
363.2788655365	124.9875
364.282398317588	117.79047
365.285931098988	126.90843
366.289463880125	96.397591
367.292996660494	109.30729
368.296529441238	119.1996
369.300062222525	97.667542
370.3035950027	81.243103
371.307127777194	100.74268
372.310660552925	102.67154
373.314193334238	103.56968
374.31772611125	101.47053
375.321258887963	96.920059
376.324791663475	85.193031
377.328324437863	99.318314
378.3318572149	93.935661
379.33538999095	105.76299
380.338922762413	70.6259
381.342455534207	70.188316
382.34598830255	92.681496
383.349521063825	76.775513
384.353053828225	84.732338
385.356586593057	71.697098
386.360119365838	77.013863
387.3636521401	77.587044
388.36718491555	79.520668
389.370717698488	69.23349
390.374250474538	71.567902
391.377783256075	88.269424
392.381316029575	107.2887
393.384848804938	69.945038
394.38838158645	80.954948
395.391914368788	82.805679
396.395447149813	69.696312
397.398979930188	64.563431
398.402512713238	90.073471
399.406045495607	76.708977
400.409578276394	66.92942
401.413111066263	55.810127
402.416643850213	71.008942
403.420176635175	59.019772
404.423709422875	62.477745
405.427242206663	63.182781
406.430774990138	55.244606
407.434307780063	60.740532
408.437840572063	84.407616
409.441373363925	68.633751
410.444906147488	56.899189
411.448438931975	65.92897
412.451971717125	61.086838
413.455504501788	58.30415
414.459037286588	55.324226
415.462570069813	48.381504
416.466102852825	60.379414
417.46963563625	62.854187
418.4731684213	51.110245
419.476701207213	52.304214
420.480233994363	60.852921
421.483766782638	51.508377
422.487299573213	54.46162
423.490832364063	44.780331
424.494365145513	49.299862
425.497897933463	76.450432
426.501430720413	65.313568
427.504963511507	47.464794
428.508496301563	64.974251
429.512029093038	50.624706
430.515561887838	58.008591
431.51909468535	52.753689
432.52262748345	47.085636
433.526160282838	60.383503
434.529693083863	52.711521
435.533225885475	47.281303
436.536758680025	46.529583
437.540291473369	50.061928
438.54382426475	35.846771
439.547357060113	47.810951
440.550889851363	56.399406
441.554422645863	43.430893
442.557955442313	48.179775
443.561488236613	48.745468
444.565021030088	49.509285
445.568553826525	49.19862
446.57208662185	52.156826
447.575619416563	56.903389
448.5791522102	53.889194
449.582685012138	51.139881
450.586217816725	42.524307
451.589750616725	67.85804
452.593283411513	51.743622
453.596816208413	58.486118
454.60034900665	44.238171
455.603881808413	52.294727
456.607414608638	54.869087
457.610947404238	53.781391
458.614480201713	38.333618
459.618013005375	56.467194
460.621545806613	50.704845
461.625078606438	55.94788
462.628611410275	60.431702
463.63214421415	48.546867
464.635677018388	54.102882
465.639209817388	46.906593
466.642742613125	42.816769
467.646275411488	51.54081
468.649808208563	48.64249
469.6533410091	63.359451
470.656873809457	46.916481
471.660406601963	56.217739
472.66393940055	42.908489
473.667472198275	47.867851
474.671004999038	42.034943
475.674537799694	48.132149
476.678070598925	40.223644
477.681603396063	55.520538
478.685136194663	61.674858
479.688668998213	50.684021
480.692201799213	51.116909
481.695734602538	68.149429
482.6992674004	57.430496
483.702800195075	53.239601
484.706332991075	52.718102
485.709865786757	49.093475
486.713398577963	64.05143
487.716931372963	53.830318
488.720464170563	54.803341
489.723996967363	44.228436
490.727529767313	54.995003
491.731062564988	46.631668
492.734595362163	58.579746
493.738128155475	41.443409
494.7416609525	42.203926
495.7451937499	45.705502
496.74872654965	45.921959
497.752259348694	50.224781
498.7557921462	52.426632
499.75932494115	59.861076
500.7628577373	54.116222
501.766390538794	61.628101
502.76992334255	53.454212
503.773456145725	43.931747
504.776988943625	44.226665
505.780521742913	47.683777
506.784054544088	52.068714
507.787587348569	51.09523
508.7911201504	41.194344
509.794652952538	51.645218
510.798185753313	53.54364
511.801718558157	55.56517
512.8052513633249	54.779953
513.808784169825	43.897194
514.8123169740879	47.999634
515.8158497811	39.550056
516.819382586938	46.781006
517.822915392563	50.295391
518.826448199844	38.165619
519.829981009725	48.104664
520.833513817675	41.155251
521.837046622913	47.411129
522.8405794282249	47.121151
523.844112234807	45.702782
524.84764504195	53.119308
525.851177847569	40.363705
526.854710649875	42.916729
527.858243449125	53.755783
528.8617762503879	44.475899
529.865309050707	43.834831
530.868841846363	52.840992
531.872374651032	48.940971
532.875907456788	64.088829
533.879440262775	48.001522
534.882973058563	49.476784
535.886505856363	36.528542
536.8900386570569	37.427746
537.893571463638	42.885136
538.897104269588	46.298893
539.900637074988	49.988529
540.904169881638	39.929188
541.907702689788	40.088982
542.91123550075	46.745762
543.9147683093	47.692497
544.918301115663	49.403404
545.9218339217	52.262398
546.9253667286	47.214172
547.928899539275	35.798836
548.932432347463	57.179501
549.9359651562249	38.707783
550.9394979660129	38.67205
551.9430307675	38.014462
552.946563570413	45.645828
553.950096373113	43.687675
554.95362917725	42.543926
555.95716198465	48.422688
556.960694793238	51.431358
557.964227602713	47.11216
558.967760410388	35.434841
559.971293218588	50.563564
560.97482602765	50.642639
561.978358838463	34.088993
562.981891643675	63.042763
563.985424448413	41.298923
564.988957254325	50.656742
565.99249006555	59.980381
566.9960228746249	45.282459
567.99955568545	42.191593
569.003088494713	38.35083
570.006621303338	35.912735
571.0101541099569	42.81015
572.013686916125	40.392822
573.017219718088	36.103893
574.020752517863	46.638798
575.0242853124	47.519287
576.027818103038	43.347122
577.0313508947499	39.194317
578.0348836909	43.148994
579.038416495775	48.440353
580.041949298925	42.618496
581.045482103588	55.140129
582.049014904188	33.956837
583.052547703913	61.601994
584.056080505175	51.099609
585.059613312363	42.214615
586.063146113788	44.304871
587.06667890585	49.967144
588.070211702138	51.121994
589.07374450305	55.308628
590.077277301725	43.820282
591.080810103594	52.639454
592.084342906388	46.237671
593.087875708188	50.985619
594.091408511175	41.485619
595.094941314075	57.374851
596.0984741188749	45.741364
597.102006923525	47.513115
598.1055397254249	41.790768
599.109072528925	47.842052
600.112605329938	47.047222
601.116138125388	54.788918
602.1196709217249	42.639626
603.123203714225	38.037685
604.1267365132439	41.32412
605.13026930835	54.757568
606.133802102363	41.799789
607.1373349012999	50.488735
608.140867695938	39.248421
609.144400491813	44.308628
610.1479332920879	54.397655
611.151466091638	57.316933
612.154998891438	57.169529
613.1585316982749	55.31488
614.162064495663	57.445164
615.165597291438	40.726414
616.169130089825	47.05933
617.17266289215	52.243744
618.176195689813	58.085209
619.179728489013	40.279194
620.18326128875	41.91283
621.1867940873129	45.390842
622.190326892213	51.516293
623.1938596981499	40.355564
624.197392498313	42.728794
625.200925300888	45.740379
626.204458102225	48.865677
627.207990894725	48.995789
628.211523694863	44.895821
629.2150564913879	47.871902
630.218589293013	45.228214
631.222122095613	37.220661
632.2256548919249	50.374302
633.2291876917	42.726845
634.232720495238	57.524048
635.236253303113	37.455654
636.239786102163	45.701874
637.243318901988	50.80616
638.246851705813	55.022491
639.2503845077999	40.101376
640.253917308838	53.733189
641.257450106363	51.339436
642.260982908125	41.119583
643.264515711938	46.045311
644.2680485152	53.810673
645.271581315988	40.612473
646.2751141202	35.443031
647.2786469269749	60.447159
648.282179726875	44.33633
649.2857125276499	46.91304
650.289245330688	54.72327
651.292778132138	35.509171
652.2963109402129	39.544624
653.299843746488	36.170601
654.30337655285	41.282764
655.306909359863	39.196659
656.310442160663	40.105282
657.3139749623	58.258244
658.3175077685499	49.009975
659.321040580863	42.827637
660.324573395263	39.757744
661.3281062104879	49.724358
662.331639016563	60.011158
663.335171824588	53.708027
664.338704633363	54.717148
665.342237440488	51.088539
666.345770246713	47.78788
667.349303050813	46.019672
668.352835861875	62.436325
669.356368671963	51.588795
670.359901481525	40.529942
671.3634342906749	50.779835
672.366967098188	33.032108
673.370499906863	41.831703
674.37403271285	47.320591
675.3775655241	47.908073
676.381098331863	62.74115
677.384631138925	36.534695
678.388163948413	47.20092
679.391696752813	35.631195
680.395229556263	35.074657
681.39876236415	45.583839
682.402295170888	53.432816
683.405827978163	47.412106
684.409360781919	33.753677
685.4128935895	40.816349
686.416426395263	47.979649
687.419959205163	54.892658
688.4234920155629	37.452324
689.427024819125	45.862041
690.4305576276499	40.340958
691.434090434125	44.789337
692.437623243025	53.884769
693.441156040263	54.077038
694.444688841675	56.059078
695.448221646825	52.498566
696.4517544543249	35.890518
697.455287262438	36.765884
698.458820069413	46.19479
699.462352867663	51.486637
700.465885670113	62.475254
701.469418474525	43.273701
702.472951280713	50.89473
703.4764840750499	49.341454
704.480016873638	51.667149
705.483549673188	48.131535
706.487082478913	54.192516
707.490615270738	34.920082
708.494148067275	36.4123
709.49768086775	61.723164
710.5012136668499	44.000832
711.504746461088	40.986912
712.508279252569	42.320347
713.511812044888	42.557465
714.515344844188	54.44799
715.518877642888	35.988464
716.5224104437129	41.693497
717.525943249838	36.757652
718.5294760554129	63.605816
719.533008861188	41.574181
720.536541664063	49.014156
721.540074468138	46.648212
722.543607273675	33.288136
723.547140078963	40.093632
724.550672879688	53.887486
725.554205677975	39.517174
726.5577384839249	45.929924
727.561271283013	45.763027
728.564804080175	41.352333
729.568336877363	42.28146
730.571869678169	41.617321
731.575402479175	35.151188
732.578935284488	34.806927
733.582468083813	29.90922
734.5860008758	32.069942
735.589533671963	36.191269
736.593066469788	36.046993
737.596599276088	27.967154
738.6001320791249	44.573101
739.603664885213	40.099983
740.6071976891	35.685806
741.610730490013	39.58699
742.614263286838	48.302193
743.617796080175	34.402222
744.62132887595	38.104805
745.624861678244	38.459015
746.628394469975	36.366421
747.631927267713	32.402428
748.63546006655	28.406681
749.638992864713	36.595562
750.642525668025	35.667801
751.646058472213	39.883045
752.649591271363	25.745596
753.653124061388	29.830982
754.656656857175	35.695374
755.6601896534249	26.599562
756.663722448575	30.042299
757.6672552511379	29.430187
758.670788054013	25.897665
759.6743208509749	27.620584
760.677853655719	27.848246
761.68138645635	26.129749
762.684919256925	35.350082
763.688452053463	28.119913
764.691984852344	31.445673
765.6955176535	28.607786
766.6990504527749	31.018547
767.702583251988	26.646429
768.7061160434999	20.965549
769.709648837363	43.480625
770.713181629275	35.125336
771.716714422675	24.585749
772.720247218325	24.120993
773.723780010425	26.121532
774.727312793175	17.406326
775.730845587413	22.460001
776.7343783840749	24.469494
777.737911181413	31.514254
778.741443981225	22.614716
779.744976782413	31.73251
780.7485095753129	31.360529
781.7520423792499	23.772612
782.75557517755	22.332388
783.7591079787439	30.25551
784.762640786363	25.930546
785.766173597588	25.246067
786.76970641295	26.584467
787.773239220963	18.394615
788.776772030238	31.290663
789.780304831475	22.606367
790.783837631313	24.641996
791.787370438463	24.935493
792.790903246094	28.463827
793.794436060288	25.647003
794.797968862638	28.582092
795.801501664038	17.893234
796.8050344627629	22.706673
797.808567267063	21.642605
798.812100069125	18.414492
799.815632875225	26.54711
800.819165685038	22.357466
801.8226984944	23.381145
802.8262313058129	34.10062
803.829764118325	29.587212
804.833296932213	31.851295
805.836829741213	14.694723
806.840362548888	23.939919
807.843895354613	22.401146
808.847428164838	24.113012
809.85096097385	24.082336
810.854493777863	16.5347
811.85802657785	22.948263
812.86155938395	23.224035
813.865092189894	30.286081
814.868624995175	23.089855
815.872157803738	12.978889
816.875690615263	25.808371
817.879223430588	25.189842
818.882756242788	25.591635
819.886289056913	37.541286
820.8898218732249	22.898142
821.8933546896379	20.282501
822.896887505775	26.798367
823.900420312975	25.855448
824.9039531238379	27.806774
825.9074859346	20.49774
826.911018746238	23.191055
827.914551563875	23.97476
828.9180843804249	17.038229
829.9216171958379	25.50197
830.9251500157629	25.101131
831.928682836763	15.347413
832.9322156512879	14.809885
833.93574846405	25.475464
834.939281280063	15.335877
835.9428140968749	27.213823
836.946346915675	22.618164
837.949879734663	19.682783
838.953412551919	23.38081
839.956945375513	20.596329
840.960478199788	20.100477
841.96401102185	23.873852
842.9675438405629	16.354258
843.971076660494	27.671638
844.9746094862439	15.815989
845.9781423080129	24.062122
846.981675132425	16.046968
847.985207959338	24.478567
848.988740783288	25.654634
849.992273600638	24.092266
850.995806414413	23.275614
851.999339231125	18.509798
853.002872043213	21.963875
854.006404855919	21.050934
855.009937672938	20.382347
856.0134704915999	20.547113
857.017003316138	17.126715
858.020536137063	22.451393
859.024068954632	20.530445
860.027601768163	21.722652
861.031134579925	14.697328
862.034667387475	22.05081
863.038200196163	21.159655
864.041733006138	13.125676
865.045265811963	19.107067
866.048798619738	20.035997
867.052331428975	19.266676
868.05586423765	20.477308
869.0593970424879	33.298286
870.062929853013	23.510618
871.066462654625	25.528997
872.0699954564379	21.992435
873.0735282671379	20.375839
874.077061070838	19.334692
875.080593876444	27.114132
876.084126679813	25.120193
877.087659489025	21.175713
878.091192293525	18.524397
879.0947251039249	18.512329
880.098257907488	19.269556
881.101790711125	13.148849
882.105323514632	25.865814
883.108856320313	20.84025
884.1123891240629	18.766138
885.115921928288	18.719358
886.119454728925	24.083117
887.1229875341439	21.438726
888.126520340863	29.225725
889.130053150188	18.47908
890.133585958175	22.227953
891.137118770588	18.92754
892.140651582725	22.066093
893.1441843951379	27.052647
894.147717197338	25.264389
895.1512499952249	23.021334
896.154782803113	23.972134
897.15831561265	24.946375
898.1618484155999	21.958815
899.165381217494	18.732079
900.168914026538	23.347744
901.172446840238	26.140011
902.1759796546249	24.003189
903.179512465475	22.440664
904.183045280788	26.98955
905.186578090844	28.258457
906.190110897125	15.045175
907.193643696138	27.638012
908.197176501513	21.445368
909.200709309363	19.015383
910.204242118475	21.606504
911.207774927413	27.138147
912.211307733813	28.639681
913.214840543938	21.794241
914.218373359788	22.434513
915.2219061712	22.769201
916.225438988263	24.771311
917.22897179915	26.998432
918.2325046121999	29.640196
919.236037427763	29.756325
920.239570242475	20.572449
921.243103055863	29.552464
922.2466358719	25.752996
923.2501686781629	18.043678
924.2537014842879	20.452496
925.257234293838	21.513407
926.260767103925	19.471889
927.264299917994	27.689375
928.267832728788	20.901257
929.271365535913	19.326929
930.274898340213	22.651609
931.278431148863	29.947117
932.2819639597129	22.866199
933.285496759425	16.98167
934.289029566057	16.065018
935.29256237725	26.205902
936.296095189775	17.502478
937.299628004444	24.966902
938.303160816388	24.398905
939.3066936328499	17.921709
940.310226445313	17.888321
941.313759256763	35.738533
942.317292068713	26.383436
943.320824879013	19.247559
944.32435769165	18.290188
945.327890508588	17.278465
946.331423321175	26.67881
947.334956134213	19.098946
948.338488939813	18.886997
949.342021747388	18.40937
950.345554553425	28.843552
951.349087361775	20.846447
952.352620166163	21.176489
953.3561529679999	17.706009
954.3596857809749	25.338161
955.3632185933629	19.844368
956.366751396863	18.407907
957.370284197988	23.363708
958.373816999088	19.197313
959.377349798175	15.300489
960.38088259755	27.85342
961.384415402538	19.812571
962.387948204013	22.854958
963.391481009538	18.756769
964.395013817888	24.751202
965.3985466255129	22.59609
966.402079433088	22.729803
967.405612233325	25.660303
968.4091450249999	23.240091
969.41267782785	18.102421
970.416210633938	14.534001
971.419743432675	17.940506
972.423276234338	25.04299
973.426809043988	18.729528
974.430341845975	24.361069
975.433874646013	13.238157
976.437407444313	24.284941
977.440940246325	22.985155
978.444473045525	18.129425
979.448005846775	27.111073
980.451538649075	18.013781
981.455071450994	23.694136
982.458604244925	23.033712
983.4621370464	21.483898
984.465669855613	22.479755
985.469202658113	11.341307
986.4727354687129	24.545311
987.476268283525	19.861246
988.479801095619	26.528385
989.48333390365	22.291595
990.486866712313	17.043779
991.490399518157	24.205479
992.4939323249	24.916243
993.497465128538	16.028156
994.500997935213	33.568661
995.504530746113	22.693426
996.508063554488	18.77803
997.511596366019	16.200193
998.5151291764499	17.635761
999.518661989275	19.607754
1000.522194800263	20.016212
1001.525727601863	18.387751
1002.529260409563	21.32465
1003.532793215838	22.062986
1004.536326018825	15.218954
1005.539858824275	12.443795
1006.543391631263	27.406723
1007.546924438888	28.113106
1008.55045724215	14.80872
1009.553990048113	18.766333
1010.557522852394	25.498926
1011.561055658388	22.52883
1012.564588467925	22.341673
1013.56812127645	20.60866
1014.571654084138	19.702227
1015.575186891625	13.471226
1016.578719704775	28.976986
1017.582252515138	18.537811
1018.585785325438	20.23987
1019.589318134625	24.533327
1020.592850943538	32.604275
1021.596383746463	26.447397
1022.599916551763	20.54027
1023.603449360413	16.20355
1024.606982172963	16.141869
1025.610514981313	17.426538
1026.614047782438	18.058796
1027.617580584213	18.271397
1028.621113384238	21.950676
1029.624646186563	13.421935
1030.628178984113	22.712749
1031.631711782963	16.326084
1032.635244583963	17.447222
1033.638777382275	14.77267
1034.642310181975	17.136118
1035.645842981613	19.041763
1036.649375778988	15.326716
1037.652908574963	23.645281
1038.656441374213	20.969027
1039.659974167138	21.812906
1040.663506957588	14.07502
1041.667039751525	17.254845
1042.67057254515	20.040962
1043.674105342263	15.031628
1044.677638137513	18.031879
1045.681170937275	22.166159
1046.6847037337	22.032343
1047.688236535432	28.074381
1048.691769336638	17.303288
1049.6953021374	23.907934
1050.698834936938	20.147966
1051.702367731363	22.567293
1052.705900524013	17.478476
1053.709433321188	23.288696
1054.712966115738	18.054508
1055.716498909125	23.067572
1056.720031706113	22.944233
1057.72356450055	14.161143
1058.727097295413	29.125256
1059.730630080088	20.738207
1060.734162866938	18.885843
1061.737695662125	16.68585
1062.741228460013	22.735016
1063.744761257013	14.501387
1064.748294051663	16.52137
1065.751826843725	24.050234
1066.755359629113	17.700741
1067.758892425788	25.217155
1068.762425219275	22.052132
1069.765958016963	10.312064
1070.76949080945	31.898756
1071.773023598188	15.086689
1072.776556394338	26.840733
1073.780089192413	13.831797
1074.783621991925	25.792503
1075.787154796863	23.063126
1076.790687600225	22.60787
1077.794220398088	22.644506
1078.797753199513	20.028721
1079.801286004888	27.642187
1080.804818807807	16.712084
1081.808351613938	19.027367
1082.811884416788	18.583015
1083.8154172185	24.686441
1084.818950020113	22.253008
1085.822482825275	19.2391
1086.826015633963	15.288842
1087.82954844435	23.920921
1088.833081257888	20.954517
1089.836614072075	25.060581
1090.840146880938	19.235331
1091.843679694019	27.563517
1092.847212506744	26.583925
1093.850745322125	22.662619
1094.854278136238	28.26227
1095.857810949413	19.707457
1096.861343767938	17.889956
1097.864876588388	23.442656
1098.868409402388	24.235878
1099.871942218038	22.428362
1100.875475035044	22.549999
1101.879007849125	24.217609
1102.882540666669	19.461872
1103.886073481063	16.069395
1104.889606294963	18.131418
1105.893139110788	24.637753
1106.896671922688	16.34824
1107.900204737069	15.586246
1108.903737543413	27.960096
1109.907270355513	16.882729
1110.91080317545	21.064058
1111.914335993213	23.19685
1112.917868809413	13.381386
1113.921401631063	22.291517
1114.924934443488	23.631001
1115.928467259975	19.940483
1116.932000078663	23.525066
1117.935532892475	19.33201
1118.939065706794	17.374353
1119.942598525738	22.414955
1120.946131348594	15.181281
1121.949664170894	24.139914
1122.953196993775	23.822126
1123.956729814075	20.781773
1124.960262629688	19.745575
1125.963795446275	23.645142
1126.967328265713	22.136496
1127.97086107875	22.3255
1128.974393891663	23.944321
1129.97792669395	28.213186
1130.981459497913	23.971613
1131.984992308694	20.857744
1132.988525125775	13.593103
1133.99205794515	20.65016
1134.995590765125	18.841484
1135.999123585075	21.217669
1137.0026563989	26.12763
1138.006189210175	15.808378
1139.009722021475	13.807515
1140.013254835138	19.573
1141.016787654263	25.589436
1142.020320467238	21.004871
1143.023853282	18.726353
1144.02738609445	26.611111
1145.030918904275	18.975573
1146.034451722263	27.845665
1147.037984542638	19.154604
1148.041517361538	16.355381
1149.045050177588	22.583527
1150.048582992313	24.762493
1151.052115804525	25.276537
1152.055648618313	15.589399
1153.059181434513	24.287859
1154.062714252863	14.790575
1155.066247074913	17.752058
1156.069779891538	23.16399
1157.073312709125	18.643518
1158.076845522213	15.490746
1159.080378338238	22.106508
1160.083911152938	22.420437
1161.087443956138	28.643526
1162.09097676075	21.264893
1163.094509573988	20.467175
1164.098042387925	16.902933
1165.101575193475	21.257364
1166.105108001025	19.69405
1167.108640811113	18.760401
1168.112173615688	19.676342
1169.115706423688	16.878729
1170.119239232938	16.908716
1171.122772043288	26.349031
1172.126304857963	18.881231
1173.129837671338	18.319817
1174.13337048795	25.008968
1175.136903301063	19.51132
1176.140436112538	20.151838
1177.143968927375	17.992765
1178.1475017396	31.118931
1179.151034556375	23.354839
1180.154567371713	24.122524
1181.1581001883	24.11504
1182.161633006488	17.381481
1183.165165828963	19.580715
1184.168698652363	35.65963
1185.172231477363	19.52924
1186.17576429545	17.563337
1187.179297118019	24.963287
1188.182829938813	21.747723
1189.186362758225	27.041832
1190.189895580863	30.677876
1191.193428399863	22.075989
1192.196961214538	16.342913
1193.200494026225	22.834858
1194.204026836088	25.685162
1195.207559647175	17.499472
1196.211092457563	16.399738
1197.214625275713	10.98105
1198.218158094613	16.723984
1199.221690906657	29.350359
1200.22522371445	19.94627
1201.22875652525	32.290905
1202.232289336675	16.176212
1203.235822148382	25.766352
1204.239354960713	19.896881
1205.242887766863	24.307419
1206.246420576088	20.921448
1207.24995338805	21.882294
1208.2534861947	20.203249
1209.257019004963	24.946474
1210.260551816075	21.395947
1211.264084628163	37.030968
1212.267617439488	18.027122
1213.271150249263	18.02586
1214.274683061063	12.033713
1215.278215870188	22.277338
1216.281748679063	26.792795
1217.285281482388	13.623799
1218.28881429085	21.848261
1219.292347098363	18.82131
1220.29587990855	29.98947
1221.299412710275	24.283543
1222.302945517625	13.530807
1223.306478322788	30.093035
1224.310011128988	23.519976
1225.313543940369	18.792896
1226.31707674705	21.253082
1227.320609556763	19.804714
1228.3241423693	16.798046
1229.32767518175	16.296284
1230.331207993325	20.003992
1231.334740802038	23.318378
1232.338273610213	22.563568
1233.34180642205	19.754505
1234.345339232013	17.782932
1235.348872035275	18.708811
1236.352404838588	18.413597
1237.355937641663	17.099518
1238.359470438925	22.637627
1239.363003233738	24.549648
1240.366536037138	18.514442
1241.370068839188	22.149477
1242.373601641363	20.453993
1243.377134440138	18.444887
1244.38066723875	15.954957
1245.38420004035	24.799171
1246.387732837663	26.617582
1247.391265639813	13.706293
1248.394798439425	22.141977
1249.39833123945	20.289701
1250.401864043069	24.280254
1251.405396843338	18.764462
1252.408929642388	28.654764
1253.412462444263	22.438395
1254.415995253163	17.731159
1255.419528058313	20.207546
1256.42306086245	24.126379
1257.426593665638	28.518518
1258.430126472775	17.738941
1259.433659274388	17.954546
1260.437192079325	21.797455
1261.440724882825	20.115046
1262.444257684888	15.248902
1263.44779049315	24.640776
1264.451323293613	20.68471
1265.45485609035	28.432833
1266.458388887363	15.222658
1267.461921692375	21.967888
1268.465454498713	22.461632
1269.468987312288	24.753479
1270.472520125113	14.302939
1271.476052930988	22.882385
1272.479585729863	26.017546
1273.483118528788	21.347795
1274.486651324438	25.233757
1275.490184121163	21.20023
1276.493716915125	19.098158
1277.497249713213	22.852789
1278.500782508325	21.596437
1279.504315304863	16.306389
1280.5078481088	17.950993
1281.511380912788	21.092529
1282.514913711475	21.463968
1283.518446511413	21.028023
1284.521979312463	21.373756
1285.525512117725	23.761789
1286.529044915263	13.798092
1287.532577704625	28.25564
1288.536110494313	26.978712
1289.539643295875	15.952176
1290.5431760943	22.644064
1291.5467088996	28.122852
1292.550241700538	14.255348
1293.553774498475	21.52878
1294.557307294088	18.828587
1295.560840093075	22.330139
1296.564372895388	25.67675
1297.567905691513	18.115025
1298.571438493088	16.167953
1299.574971294263	23.518751
1300.578504094232	20.629261
1301.582036895788	20.883684
1302.585569694638	24.311962
1303.589102498775	19.242201
1304.592635298925	24.565067
1305.59616809855	22.597082
1306.599700896113	22.375601
1307.603233688813	23.814386
1308.606766489113	17.972054
1309.610299286825	22.155064
1310.613832087325	10.631169
1311.6173648841	18.27973
1312.620897687888	21.009214
1313.624430494463	20.763775
1314.627963293982	24.787781
1315.631496095838	18.173895
1316.635028897057	23.276829
1317.638561692413	11.389157
1318.642094490338	24.22965
1319.645627294425	20.61931
1320.649160098925	27.343035
1321.652692891475	15.632925
1322.65622568875	22.729012
1323.659758489275	17.441065
1324.66329127675	32.31897
1325.666824067288	30.737959
1326.670356858463	28.814913
1327.673889649538	22.717091
1328.677422448188	24.941006
1329.680955244913	13.411077
1330.684488033294	19.630936
1331.688020815225	23.912834
1332.691553598863	23.294298
1333.69508638205	20.595469
1334.698619162363	16.846462
1335.702151952588	27.967655
1336.705684742975	16.750265
1337.709217533438	20.741016
1338.712750326513	18.112968
1339.716283122213	19.9104
1340.719815901913	18.508331
1341.723348692494	21.658825
1342.726881475275	20.971376
1343.730414265963	16.713213
1344.73394706085	24.770781
1345.737479855163	14.882111
1346.741012640563	14.633169
1347.7445454313	17.957855
1348.748078220463	16.616236
1349.751611010963	21.122356
1350.755143794163	20.530207
1351.758676575338	21.443829
1352.762209364738	26.841375
1353.765742151013	19.431376
1354.769274933725	18.803835
1355.772807715675	19.309971
1356.776340498038	24.540434
1357.779873284225	22.439945
1358.783406068213	16.397131
1359.786938850263	41.70343
1360.790471632788	23.224773
1361.794004427213	19.982319
1362.797537225813	23.034372
1363.801070020863	17.174536
1364.804602816013	32.044434
1365.808135614688	22.668633
1366.811668414244	19.930292
1367.815201206875	21.760403
1368.818734002463	13.464277
1369.822266791769	21.160732
1370.825799591338	17.815432
1371.829332393075	16.230934
1372.832865192525	22.017376
1373.836397995263	18.611301
1374.839930800288	25.364456
1375.843463602513	28.175219
1376.846996403588	14.673033
1377.850529202238	27.64266
1378.854062003025	23.667883
1379.857594807188	20.008982
1380.861127604763	31.277435
1381.864660406763	20.382055
1382.868193203763	19.806257
1383.871725998232	18.585365
1384.875258795975	22.615862
1385.878791592613	19.213112
1386.882324392888	17.507479
1387.885857191938	18.363001
1388.889389992675	25.34824
1389.892922794	25.538046
1390.896455595863	17.912193
1391.899988400963	25.776239
1392.903521201963	19.166676
1393.907054000525	21.127123
1394.910586794625	16.273556
1395.914119584913	22.525274
1396.917652373975	18.825718
1397.921185170713	19.484278
1398.924717971438	13.047285
1399.928250771	14.394315
1400.931783572138	25.692272
1401.935316372413	20.767591
1402.938849173238	24.07382
1403.942381969207	22.316957
1404.94591475735	17.90855
1405.949447555663	26.610476
1406.952980351363	28.880018
1407.9565131435	22.919743
1408.96004593235	30.487524
1409.963578720913	15.783851
1410.9671115129	20.802605
1411.970644312038	22.074011
1412.974177106963	24.173567
1413.977709896963	17.867523
1414.9812426889	14.112436
1415.984775491488	18.620037
1416.988308283438	16.844135
1417.991841079038	18.008116
1418.995373876494	19.560062
1419.998906679738	20.518183
1421.002439474225	14.331961
1422.005972272325	16.907526
1423.009505070413	25.863386
1424.013037867413	14.402338
1425.016570662013	20.563864
1426.020103454563	21.189375
1427.023636252813	13.229881
1428.027169046738	17.433123
1429.030701837113	20.109859
1430.034234633363	16.30525
1431.037767431582	16.886927
1432.04130023285	20.940258
1433.044833033188	24.384043
1434.04836583495	25.396856
1435.0518986357	18.89782
1436.055431433963	16.994806
1437.058964225538	17.024979
1438.062497015813	20.510838
1439.066029801075	16.945869
1440.06956258495	20.611986
1441.073095369013	13.87179
1442.076628152863	21.675766
1443.080160944363	25.788626
1444.083693738757	12.861238
1445.087226531288	20.889977
1446.090759325638	21.350124
1447.0942921211	16.477459
1448.097824915125	18.064714
1449.101357711713	20.392233
1450.104890509238	16.910837
1451.108423303188	17.765596
1452.111956102188	23.313164
1453.11548890455	15.6111
1454.1190217091	19.255997
1455.12255450985	19.668316
1456.126087312188	20.925293
1457.129620112675	17.913837
1458.133152910375	22.770399
1459.13668570755	24.370535
1460.140218507463	24.02207
1461.143751304413	21.94511
1462.147284109338	30.392889
1463.150816915325	27.606989
1464.154349720438	15.615271
1465.15788252675	19.062006
1466.161415330663	17.342501
1467.164948129457	16.643946
1468.168480926313	20.262663
1469.172013721038	21.642212
1470.175546518213	19.646786
1471.179079314213	19.303425
1472.182612111388	19.287245
1473.186144907113	17.92181
1474.189677704238	14.376929
1475.193210502688	27.941183
1476.196743299013	19.492275
1477.200276097494	24.619984
1478.203808899463	14.23188
1479.207341694513	31.564676
1480.21087448305	22.811705
1481.214407278438	13.813443
1482.2179400717	15.733942
1483.221472870263	19.069189
1484.22500567035	22.801182
1485.2285384751	20.660896
1486.232071281488	19.499546
1487.23560408695	22.83102
1488.23913689265	25.731216
1489.242669691813	13.570683
1490.246202488463	22.791479
1491.249735285163	19.948627
1492.253268087457	28.02191
1493.256800889163	18.276838
1494.260333681875	20.657373
1495.263866480225	22.862206
1496.267399280138	16.293167
1497.270932081838	18.096985
1498.274464880025	14.763066
1499.277997674513	23.010267
1500.281530464188	23.641273
1501.285063254763	13.667583
1502.2885960418	18.57745
1503.292128828575	21.324932
1504.295661618713	37.379086
1505.299194417188	19.241291
1506.302727217913	22.062017
1507.306260023213	16.223339
1508.309792822325	15.454716
1509.313325619488	26.173187
1510.316858418013	18.075209
1511.320391211075	23.188072
1512.323923997588	20.168848
1513.327456785513	14.178973
1514.33098957625	21.940487
1515.334522368313	24.854721
1516.3380551678	27.255125
1517.341587970563	22.368752
1518.345120773413	18.489799
1519.348653573688	14.864944
1520.352186365738	21.901747
1521.355719155988	19.577124
1522.359251947463	14.519875
1523.362784743075	17.800802
1524.366317546363	15.736666
1525.369850347263	36.226765
1526.3733831499	14.874922
1527.376915954713	27.126059
1528.380448757188	20.16124
1529.383981553913	22.76169
1530.38751434815	17.761715
1531.391047147713	16.549578
1532.394579954375	29.454126
1533.398112753425	20.648151
1534.401645555363	20.480555
1535.405178356175	22.985455
1536.408711155988	19.159466
1537.412243956963	23.395645
1538.4157767554	18.797768
1539.419309557938	25.363071
1540.422842355713	20.402847
1541.426375151725	13.596264
1542.429907939988	24.064407
1543.433440737013	17.650969
1544.4369735312	19.164516
1545.4405063318	20.462244
1546.444039135663	23.357601
1547.44757193805	22.324242
1548.451104734875	20.925407
1549.454637539925	23.385136
1550.4581703413	18.192234
1551.46170314565	15.515744
1552.465235956775	14.898411
1553.468768761663	23.879419
1554.472301565338	22.011808
1555.475834372488	25.53697
1556.479367175188	23.668329
1557.482899978825	20.02632
1558.486432785338	19.94013
1559.4899655889	23.051165
1560.493498390275	16.185562
1561.497031194138	20.673672
1562.500563993825	26.677404
1563.504096796725	29.363607
1564.50762960485	19.739212
1565.511162413238	19.788122
1566.514695211538	26.005238
1567.518228010788	23.14608
1568.521760812263	20.52873
1569.525293614963	24.478386
1570.528826413113	21.945229
1571.532359213738	16.761854
1572.535892018913	18.283527
1573.53942481835	21.400488
1574.542957617394	25.332054
1575.546490420863	17.86293
1576.550023232338	26.401899
1577.553556035675	20.753338
1578.557088845825	16.930323
1579.560621650463	19.132713
1580.564154456213	16.656565
1581.567687262032	24.292053
1582.571220062463	19.601879
1583.574752864175	18.18869
1584.578285658213	30.850616
1585.581818454813	18.169437
1586.585351255213	23.237127
1587.588884050175	25.453636
1588.592416846575	26.92877
1589.595949648813	24.092007
1590.599482455888	14.653437
1591.6030152601	17.797441
1592.606548054838	28.004389
1593.610080853038	26.497269
1594.613613656063	18.521105
1595.617146461025	17.161926
1596.620679265913	21.265585
1597.624212065213	21.859655
1598.627744862525	21.75037
1599.631277659225	15.896782
1600.634810445525	24.210772
1601.638343233663	27.323273
1602.641876028138	17.451439
1603.645408818675	18.89123
1604.648941610038	18.145786
1605.652474399775	31.738668
1606.656007182063	25.782198
1607.659539974488	21.907034
1608.663072774275	22.805351
1609.666605574738	19.402184
1610.67013836995	20.611599
1611.673671163213	22.251757
1612.6772039542	22.653421
1613.680736740863	18.00452
1614.684269528988	20.868008
1615.687802316775	22.0938
1616.691335106225	21.144339
1617.694867897113	20.707939
1618.698400696663	20.267431
1619.701933490638	23.748558
1620.705466282538	24.165501
1621.708999068313	16.66493
1622.712531850163	19.538872
1623.716064641	12.135468
1624.719597431038	18.299028
1625.723130217613	24.646235
1626.726663006838	19.625113
1627.730195794413	16.939541
1628.733728581738	19.237144
1629.7372613781	21.094051
1630.74079417435	20.973928
1631.744326976	25.914343
1632.747859779163	19.264519
1633.751392583138	25.351717
1634.754925389138	18.633835
1635.758458199782	23.480936
1636.761991004863	24.850561
1637.76552381055	19.336351
1638.769056616175	25.729692
1639.772589417913	17.064014
1640.776122219225	24.044754
1641.779655018682	22.172964
1642.783187814188	28.031591
1643.786720603025	16.811329
1644.790253399025	18.721289
1645.793786192663	21.075686
1646.7973189904	24.867039
1647.800851788863	17.154829
1648.804384586113	25.798613
1649.807917386163	25.542505
1650.811450187925	22.513529
1651.814982992813	21.92506
1652.818515800763	20.09646
1653.8220486071	15.742164
1654.825581414763	18.366804
1655.829114219013	26.358692
1656.832647019475	18.98258
1657.836179821088	26.283884
1658.839712624863	33.935474
1659.843245424625	22.167786
1660.8467782232	18.241575
1661.850311029288	21.004101
1662.853843838563	20.07032
1663.857376644138	20.819767
1664.860909442263	20.470982
1665.864442236938	26.118031
1666.867975029838	26.642523
1667.871507824638	19.710642
1668.875040626475	21.207949
1669.878573423588	21.643793
1670.882106217638	23.761143
1671.885639010588	22.3748
1672.889171799975	18.670143
1673.892704591175	29.583982
1674.896237389188	17.796495
1675.899770192913	12.895524
1676.903303001663	31.889
1677.906835812	24.356701
1678.910368620863	26.482206
1679.913901424225	14.314861
1680.917434232638	20.355782
1681.920967031669	22.028133
1682.924499827988	23.747946
1683.9280326336	21.076143
1684.93156543335	24.260403
1685.93509823765	19.323849
1686.938631042563	17.502502
1687.942163852513	19.823618
1688.945696660775	26.701326
1689.949229463938	25.330042
1690.952762265563	20.145144
1691.956295069988	18.902754
1692.959827875988	19.565079
1693.963360680013	20.029701
1694.966893482794	20.545164
1695.970426281088	30.596415
1696.973959079063	21.396048
1697.977491880238	14.608506
1698.981024678688	15.456004
1699.984557478188	22.108259
1700.988090276407	25.027727
1701.991623082113	25.538277
1702.995155891763	18.464205
1703.998688695688	17.58127
1705.002221494625	25.216166
1706.005754295213	22.613461
1707.009287093075	16.079496
1708.012819884088	23.082632
1709.016352667057	24.183365
1710.019885449438	21.633749
1711.023418244263	24.4506
1712.026951037125	19.660925
1713.030483837725	18.875738
1714.034016628675	17.88019
1715.037549417775	19.365583
1716.041082207075	20.971941
1717.044615001188	13.411833
1718.048147802063	21.61087
1719.051680603057	17.622408
1720.055213398838	18.781549
1721.05874620005	24.068571
1722.06227900465	22.604319
1723.06581181025	23.435675
1724.069344617475	32.019691
1725.072877424288	18.685453
1726.076410234038	24.327578
1727.079943046275	18.097164
1728.083475854175	30.996956
1729.087008659838	20.904882
1730.090541471213	15.894979
1731.094074285463	26.28521
1732.097607097025	22.830244
1733.101139898613	34.568382
1734.104672705288	23.182461
1735.10820551895	20.791388
1736.111738328638	25.251766
1737.1152711348	16.238792
1738.118803941013	23.961445
1739.122336749313	20.573568
1740.125869553113	15.70718
1741.129402360563	25.618835
1742.132935166294	22.427416
1743.136467971125	30.510988
1744.140000775188	20.519594
1745.143533581313	25.011822
1746.14706638555	24.366117
1747.150599190363	17.529615
1748.154131995363	27.385426
1749.157664797088	18.188301
1750.161197603763	26.303141
1751.16473039995	18.522518
1752.168263204763	21.883457
1753.171796005463	21.970781
1754.175328806175	22.599585
1755.17886160925	20.169573
1756.18239441205	26.174128
1757.185927209013	14.298357
1758.189460008238	20.832733
1759.192992807225	25.221289
1760.196525603925	27.521986
1761.2000583925	22.747984
1762.203591185294	10.183475
1763.207123984388	27.101192
1764.210656785325	22.073158
1765.214189584938	19.542067
1766.217722378957	21.223043
1767.221255169588	22.602282
1768.22478795905	26.588144
1769.22832075115	39.302086
1770.231853548063	28.311792
1771.235386348613	21.398647
1772.238919148588	21.910635
1773.242451952038	20.824692
1774.2459847563	19.659229
1775.249517559125	25.077906
1776.253050361075	15.848506
1777.256583165113	20.448433
1778.2601159697	19.336269
1779.263648781425	24.999229
1780.267181594463	18.893545
1781.270714400788	26.244225
1782.274247201675	20.422882
1783.277780007807	20.214777
1784.281312805688	15.295324
1785.284845609413	21.990221
1786.288378415263	19.629318
1787.291911215913	25.389656
1788.295444016713	13.822012
1789.298976818988	26.627535
1790.302509610988	16.985538
1791.306042392213	20.967506
1792.309575181588	18.184988
1793.313107972669	19.144562
1794.316640754375	18.982492
1795.32017353445	21.280457
1796.323706317663	29.886787
1797.327239105175	17.646761
1798.330771893313	14.492249
1799.334304682075	22.670252
1800.337837467775	31.261971
1801.341370263494	19.065126
1802.344903061963	18.872927
1803.348435855588	24.389486
1804.351968653888	19.943985
1805.3555014485	23.519121
1806.359034239413	22.997671
1807.362567035725	20.126034
1808.366099828063	20.926229
1809.369632620413	24.939058
1810.373165417288	26.602272
1811.376698207338	27.044367
1812.380230996494	16.180243
1813.383763782138	18.300446
1814.387296567188	18.812283
1815.390829362563	20.56695
1816.394362158625	15.146576
1817.397894954313	23.161003
1818.401427754163	20.621078
1819.404960550225	28.238461
1820.408493349525	25.683603
1821.412026146813	22.318264
1822.415558948344	24.907209
1823.419091752238	25.746725
1824.422624558413	25.566458
1825.426157361138	37.324852
1826.429690163638	26.375206
1827.43322297195	15.11883
1828.436755784388	20.132254
1829.440288592338	23.133894
1830.443821400413	11.886022
1831.447354210563	33.389046
1832.450887014025	13.815728
1833.454419819113	22.923336
1834.457952627125	14.764969
1835.461485436588	26.35623
1836.465018241363	22.757498
1837.468551044532	20.974386
1838.472083846063	22.939465
1839.4756166551	24.081757
1840.479149457963	16.349714
1841.482682253588	18.676104
1842.486215057032	16.552635
1843.4897478589	21.057112
1844.493280659325	23.311302
1845.49681346165	20.276043
1846.500346263557	22.147367
1847.503879059363	19.538784
1848.507411858513	23.51877
1849.510944656563	33.484779
1850.51447745455	25.364323
1851.518010251638	19.065899
1852.521543046188	16.881838
1853.525075838575	24.123823
1854.52860863535	14.969504
1855.532141433563	19.394995
1856.535674230075	26.495901
1857.539207026525	22.284096
1858.542739827563	29.525261
1859.546272632038	22.239992
1860.5498054356	25.908722
1861.553338234163	29.546961
1862.556871033125	17.271921
1863.560403833875	24.732725
1864.563936638563	22.790899
1865.567469435138	18.991648
1866.571002232063	14.216829
1867.574535030463	23.867985
1868.578067827063	22.989611
1869.5816006197	10.618819
1870.585133409575	19.308567
1871.58866619165	21.12258
1872.592198976413	14.757555
1873.595731765213	10.301088
1874.599264558575	29.02467
1875.602797351213	20.329729
1876.606330138338	15.893436
1877.609862927675	27.079802
1878.613395717213	26.680248
1879.616928505938	25.73802
1880.620461299075	18.208387
1881.623994093688	17.263937
1882.627526885813	16.092667
1883.631059680788	14.495655
1884.634592483563	20.464275
1885.638125289113	21.935919
1886.641658091163	19.119532
1887.645190887644	21.592617
1888.648723688038	14.424911
1889.652256488175	19.307938
1890.655789287063	26.415344
1891.659322072238	13.82198
1892.662854852488	18.915239
1893.666387640013	20.478422
1894.669920426413	21.031685
1895.673453217038	16.358536
1896.676986006813	24.669371
1897.680518797388	24.158741
1898.684051587413	14.610135
1899.687584371425	18.44965
1900.691117162113	19.384798
1901.694649952788	23.229156
1902.698182736125	20.217871
1903.701715527875	25.194941
1904.705248317575	20.287857
1905.708781112538	21.320312
1906.712313906075	21.09798
1907.715846694663	23.257683
1908.719379490488	15.87704
1909.722912285438	18.977465
1910.726445075988	23.536808
1911.729977860713	19.558851
1912.7335106486	19.806105
1913.737043431432	22.650265
1914.740576214863	24.658564
1915.744108994975	28.260506
1916.747641785388	15.105908
1917.751174576263	22.234547
1918.754707364688	14.370529
1919.758240160925	25.541916
1920.761772962175	22.81093
1921.765305763288	25.123833
1922.768838567988	25.479633
1923.772371369788	14.907369
1924.775904161457	27.496077
1925.779436956425	23.353634
1926.78296975985	21.918911
1927.786502561888	17.312481
1928.7900353583	21.532309
1929.793568150725	22.124241
1930.797100948657	17.305017
1931.800633753475	22.76112
1932.804166558863	17.934053
1933.807699359463	22.923559
1934.811232153813	19.680286
1935.814764949313	16.717983
1936.8182977393	18.682529
1937.821830525563	23.547152
1938.825363323213	18.105635
1939.828896125413	23.1716
1940.832428923007	26.002333
1941.835961720125	19.864183
1942.83949451115	24.47925
1943.843027308263	24.248697
1944.846560099413	13.849167
1945.850092894713	23.099115
1946.853625688888	18.875399
1947.857158478425	21.9765
1948.86069127765	24.163527
1949.864224079613	28.696943
1950.86775687745	20.517778
1951.8712896779	22.475117
1952.87482248065	18.556969
1953.878355279663	21.420143
1954.881888069775	23.072655
1955.885420865888	19.166847
1956.888953657075	19.813768
1957.892486444113	24.295938
1958.8960192446	22.778238
1959.89955204465	18.43631
1960.90308484725	19.118734
1961.906617649188	24.61948
1962.910150452669	17.550571
1963.9136832503	15.611761
1964.917216051063	20.083265
1965.920748848963	16.608276
1966.924281648938	26.646803
1967.927814451863	23.845152
1968.931347252175	22.154276
1969.934880052288	20.93133
1970.938412855038	18.758972
1971.941945657363	15.623275
1972.94547845185	20.653744
1973.9490112525	17.177145
1974.952544042375	22.375675
1975.956076831038	22.225012
1976.959609624238	29.217537
1977.963142415025	27.628574
1978.966675208613	22.414782
1979.970207996825	21.321589
1980.973740788463	23.978867
1981.977273581982	25.427105
1982.980806380275	20.670614
1983.984339174488	17.832294
1984.98787196535	15.501325
1985.991404759013	21.413292
1986.99493755475	27.586508
1987.9984703516	27.424843
1989.002003144538	18.061045
1990.005535937138	20.028311
1991.009068725925	19.493475
1992.0126015253	28.384449
1993.016134322025	24.201269
1994.019667112375	22.992977
1995.023199905094	17.653261
1996.026732693438	25.473608
1997.03026548605	23.57165
1998.033798278163	21.157261
1999.037331067138	19.663002
2000.040863859488	26.448444
2001.044396658888	23.337778
2002.047929455263	15.236687
2003.051462252888	19.965807
2004.054995045675	19.831327
2005.058527840613	20.79336
2006.062060636013	19.574144
2007.065593433763	21.53776
2008.069126221969	23.358606
2009.072659008763	31.708513
2010.076191791388	22.01298
2011.0797245775	26.996405
2012.083257367569	18.317652
2013.086790164332	24.679203
2014.090322962988	16.508604
2015.093855752725	25.813957
2016.097388546275	22.670202
2017.100921344275	20.643417
2018.1044541398	26.557863
2019.107986930688	29.253218
2020.111519725738	21.830204
2021.1150525206	19.670433
2022.118585307313	19.371946
2023.12211810495	18.262369
2024.125650895213	20.809986
2025.12918368875	19.988653
2026.1327164867	23.787712
2027.1362492744	35.062984
2028.139782056313	23.097027
2029.143314846925	21.57091
2030.146847637888	31.048527
2031.1503804273	21.892275
2032.153913221525	22.603624
2033.157446017438	19.900547
2034.160978812225	20.852438
2035.164511610613	26.274178
2036.168044410063	17.331043
2037.171577207644	30.255283
2038.175110004188	23.617264
2039.178642804138	24.859716
2040.182175595763	15.269172
2041.185708394275	12.132325
2042.189241190463	23.835693
2043.192773988875	16.002384
2044.196306785675	19.009417
2045.199839586813	25.355368
2046.203372387363	25.262695
2047.206905184213	20.35181
2048.210437982194	18.590279
2049.2139707857	17.895288
2050.21750358275	19.11545
2051.221036377063	19.797533
2052.224569182019	26.090166
2053.228101982838	21.586927
2054.231634781944	22.024395
2055.235167582375	23.201231
2056.238700379438	22.653126
2057.242233182194	22.722017
2058.24576598515	18.021477
2059.249298775913	28.743631
2060.252831565813	32.010712
2061.256364358325	21.21751
2062.259897153713	20.443657
2063.263429953613	19.607786
2064.266962752375	15.91835
2065.270495544488	25.91917
2066.274028333063	24.992878
2067.277561122563	16.238184
2068.281093921863	22.151752
2069.284626714525	24.724884
2070.288159507238	22.32173
2071.291692299063	23.526054
2072.29522510015	14.774908
2073.298757902288	18.608747
2074.302290699775	21.364681
2075.305823501738	21.853161
2076.309356307113	20.66593
2077.312889103375	23.403051
2078.316421901825	19.023777
2079.319954701413	26.717421
2080.323487499238	28.932346
2081.327020301313	23.562145
2082.330553097913	24.102945
2083.334085887413	18.222063
2084.337618682575	16.386311
2085.341151477975	23.992411
2086.344684270613	26.342264
2087.348217069063	23.260319
2088.351749857063	27.758808
2089.355282652325	20.040667
2090.358815446375	21.821999
2091.362348246138	20.247478
2092.365881041513	22.884123
2093.369413843613	20.764835
2094.372946643063	22.079298
2095.376479443063	23.450209
2096.380012241775	24.667772
2097.383545029275	26.693363
2098.387077820313	19.023376
2099.3906106129	19.500099
2100.394143404763	28.114437
2101.397676198925	17.770042
2102.401208998263	16.964796
2103.404741792463	23.311642
2104.408274584813	24.171633
2105.411807376638	20.432575
2106.415340171175	24.046919
2107.41887296515	16.184988
2108.422405761344	28.095903
2109.425938554113	19.351393
2110.429471339963	20.984003
2111.433004132388	27.886887
2112.436536916763	20.334124
2113.440069699813	29.709352
2114.443602489963	20.701916
2115.447135277969	18.220821
2116.450668060613	19.348207
2117.4542008491	26.708548
2118.457733639425	15.923089
2119.461266431513	23.384632
2120.464799227107	30.443964
2121.468332020532	29.464516
2122.47186481175	21.891937
2123.47539760765	23.914539
2124.478930403788	30.257904
2125.482463201469	19.22748
2126.48599599505	26.610653
2127.489528785469	21.412085
2128.493061572313	17.292402
2129.496594362313	24.701914
2130.500127149738	17.846703
2131.503659936588	32.286819
2132.507192719913	28.82267
2133.51072549975	24.764418
2134.514258282925	17.235874
2135.517791067063	21.778021
2136.521323855988	21.124313
2137.524856642625	30.458992
2138.528389424013	19.88018
2139.531922211688	18.276762
2140.535455000088	26.788574
2141.538987788588	24.056259
2142.542520573944	14.982816
2143.54605336535	25.958933
2144.549586150513	19.019682
2145.55311894675	32.240673
2146.55665174355	22.047302
2147.560184533975	20.691414
2148.563717329457	17.286674
2149.567250124588	24.358791
2150.570782919188	25.466482
2151.5743157088	22.776072
2152.577848505938	24.209042
2153.581381305925	22.564686
2154.584914100688	22.892038
2155.588446898313	19.292925
2156.591979693175	18.467913
2157.59551248565	16.189142
2158.599045284725	24.695004
2159.602578082325	24.125744
2160.60611088245	21.1194
2161.609643681913	25.206497
2162.613176476738	29.871637
2163.616709267113	23.119871
2164.620242063213	25.024271
2165.623774862363	16.999573
2166.627307665525	26.617058
2167.630840470313	37.238949
2168.634373269475	25.232248
2169.637906068538	22.988033
2170.6414388691	21.524065
2171.644971676563	13.313894
2172.648504480763	24.397612
2173.652037285113	16.080994
2174.655570091013	11.449826
2175.659102894138	23.949993
2176.662635698388	18.034563
2177.666168506075	22.793762
2178.669701313138	12.619215
2179.673234119263	16.316151
2180.6767669302	11.235368
2181.680299736238	23.351471
2182.683832538138	21.891214
2183.687365338388	15.907394
2184.690898140438	21.736778
2185.694430938888	11.955973
2186.697963738888	27.053593
2187.701496542094	19.549414
2188.705029340688	20.099388
2189.708562139463	16.491455
2190.712094940163	17.681581
2191.715627740088	12.987198
2192.7191605435	27.684032
2193.722693347563	23.192463
2194.7262261421	22.629234
2195.729758929788	24.886311
2196.733291725375	23.07872
2197.736824525907	24.737164
2198.740357321613	16.950287
2199.74389011455	13.87682
2200.747422912475	14.333849
2201.750955712888	18.653076
2202.754488513013	21.451412
2203.758021311438	33.244518
2204.76155410965	21.200178
2205.765086908475	19.392406
2206.768619710913	24.857624
2207.772152506475	22.248068
2208.775685305563	19.213837
2209.779218109088	23.499529
2210.782750910813	23.972633
2211.7862837137	18.827642
2212.789816516357	19.608393
2213.793349315813	13.173208
2214.796882119925	26.187855
2215.800414921988	15.401954
2216.803947727875	18.190601
2217.807480535013	21.385313
2218.81101333745	19.549782
2219.814546143938	29.115534
2220.818078954213	27.903822
2221.821611760925	22.056887
2222.825144560938	19.658928
2223.828677368063	29.316761
2224.832210170175	23.201277
2225.835742971963	14.933572
2226.839275765463	29.538086
2227.842808566838	23.128981
2228.846341367757	23.556303
2229.849874166013	18.584175
2230.853406964575	21.689142
2231.856939761738	17.135588
2232.860472548113	36.420876
2233.864005349475	16.377029
2234.867538153188	25.974234
2235.8710709593	21.730301
2236.874603770063	21.176048
2237.878136580838	25.980562
2238.881669385113	16.86904
2239.885202191488	33.359016
2240.888734992363	26.315638
2241.892267790269	17.952635
2242.895800591275	23.161634
2243.89933339215	14.714618
2244.902866187138	23.907425
2245.906398978	16.516432
2246.909931777575	21.749266
2247.913464578863	30.0355
2248.916997374663	19.405313
2249.920530165725	17.867125
2250.924062962963	24.020304
2251.9275957585	20.058355
2252.931128549963	37.811096
2253.934661345013	16.922136
2254.9381941453	19.61347
2255.941726939438	22.231501
2256.945259737288	21.155014
2257.948792539025	25.802984
2258.952325342325	19.725401
2259.95585814585	31.598219
2260.959390947363	17.008873
2261.962923741613	24.135395
2262.966456528863	14.931952
2263.969989316425	19.659899
2264.973522110875	28.897852
2265.977054907388	26.492235
2266.980587699113	29.520546
2267.984120488875	20.407446
2268.987653281469	21.573589
2269.991186081675	18.549953
2270.994718877363	23.863907
2271.998251676888	22.7383
2273.001784480438	23.38764
2274.005317285975	22.708691
2275.008850087375	25.142323
2276.012382889625	20.774252
2277.015915682125	25.871504
2278.019448475513	22.102993
2279.022981271788	19.798843
2280.026514057013	21.901394
2281.030046846538	19.906851
2282.033579646675	11.582207
2283.037112448613	15.626297
2284.040645251238	20.900581
2285.044178056138	19.114536
2286.047710855163	23.997641
2287.051243651988	31.746792
2288.054776451738	26.398273
2289.058309243813	19.334509
2290.061842036407	20.461773
2291.065374832013	22.081816
2292.068907624325	23.010944
2293.072440414638	21.596125
2294.075973210944	18.862797
2295.079505997088	20.12183
2296.083038791975	33.815956
2297.086571587613	31.168753
2298.090104387888	21.533176
2299.093637191738	28.443035
2300.097169996363	27.511639
2301.100702799775	24.598278
2302.10423559555	23.427969
2303.107768388594	21.495733
2304.1113011776	20.992023
2305.114833976913	17.569044
2306.118366770563	20.288118
2307.121899566375	20.656408
2308.1254323597	20.263826
2309.128965161525	25.965799
2310.132497967088	18.106249
2311.136030767613	23.803886
2312.13956356255	12.14698
2313.143096364563	18.173405
2314.146629161525	18.579329
2315.150161954763	23.481197
2316.153694758838	18.881826
2317.157227562413	22.080194
2318.160760364925	16.085283
2319.16429317225	17.72723
2320.167825978025	24.759121
2321.171358774013	22.885035
2322.17489157495	25.00873
2323.178424376988	26.987679
2324.181957181588	18.720955
2325.185489985863	23.439569
2326.18902279195	20.433191
2327.192555588863	16.230154
2328.196088385407	28.894409
2329.199621190163	21.772177
2330.203153997588	20.365709
2331.206686810288	17.076464
2332.2102196222	18.399837
2333.213752432763	26.99692
2334.217285237775	15.686082
2335.22081803285	22.186197
2336.22435082515	21.649805
2337.227883618488	17.577446
2338.231416414713	18.470301
2339.234949209863	14.082413
2340.23848200175	25.011797
2341.242014794175	19.230045
2342.245547594682	21.65715
2343.249080395663	18.152842
2344.252613190313	26.89463
2345.256145991825	23.81394
2346.259678798863	19.125368
2347.263211604675	17.036333
2348.26674440895	22.03191
2349.270277218263	19.869646
2350.273810026238	24.49474
2351.2773428286	26.771423
2352.280875632113	26.802807
2353.28440843455	13.93131
2354.287941241313	22.057673
2355.291474038563	18.116875
2356.295006836557	15.913209
2357.298539633838	22.296112
2358.30207243025	19.859743
2359.305605229138	25.47053
2360.309138023113	22.805683
2361.312670820825	16.498707
2362.316203622925	21.298296
2363.319736419675	19.193838
2364.323269211007	23.462328
2365.326802009625	15.523723
2366.330334810125	27.879618
2367.333867611163	18.325584
2368.337400398094	20.553595
2369.340933188438	26.927399
2370.344465974488	22.224672
2371.347998764313	18.44401
2372.351531560563	23.9401
2373.355064351463	17.3818
2374.358597149713	15.608968
2375.362129942675	14.675514
2376.3656627379	17.844759
2377.369195529825	16.2006
2378.372728331425	23.717291
2379.376261126675	24.851257
2380.379793917588	23.20896
2381.383326709913	12.986911
2382.386859502713	20.011284
2383.3903922976	20.977459
2384.393925095457	24.242989
2385.39745789355	20.843172
2386.400990688563	16.027088
2387.404523480438	20.077255
2388.408056276863	21.406416
2389.4115890783	16.923847
2390.415121883775	21.656818
2391.418654683613	18.514563
2392.422187478663	23.698521
2393.425720280438	17.557701
2394.429253084775	17.755138
2395.432785891875	20.258837
2396.436318703525	23.479479
2397.439851507963	18.247015
2398.443384313575	15.913775
2399.446917118088	20.121878
2400.450449925213	18.487333
2401.45398273775	24.958305
2402.457515549088	17.989483
2403.461048364363	28.991207
2404.464581182863	18.1852
2405.46811399915	21.379183
2406.471646807225	30.339767
2407.475179618163	18.368742
2408.478712426225	11.352654
2409.482245235163	19.5308
2410.485778051988	21.857561
2411.489310865344	18.295576
2412.492843673375	22.437752
2413.496376481132	19.680555
2414.499909287644	23.09314
2415.50344209435	19.377707
2416.506974907925	24.509096
2417.510507709563	18.34343
2418.514040512288	21.135153
2419.517573319494	23.172699
2420.521106127575	17.97965
2421.5246389369	21.914276
2422.528171752638	24.674515
2423.531704570882	17.377481
2424.535237383188	25.822138
2425.538770196438	13.681044
2426.542303008713	16.762236
2427.545835821013	15.370057
2428.549368629863	19.947445
2429.552901437588	24.10191
2430.556434243838	21.91939
2431.559967057032	26.519234
2432.563499863794	23.077826
2433.567032666863	21.476706
2434.570565481388	22.342121
2435.574098299838	18.235537
2436.577631113513	19.569643
2437.581163927213	18.724512
2438.584696745313	17.046633
2439.588229561525	17.411266
2440.591762378075	17.898539
2441.595295201175	23.610798
2442.598828021813	21.899851
2443.602360842588	23.819759
2444.605893654213	29.795424
2445.609426470188	21.66655
2446.612959287519	18.56513
2447.616492093825	19.21394
2448.620024909163	20.968494
2449.623557732738	20.17638
2450.627090550613	14.541422
2451.630623359813	21.260689
2452.634156169888	22.916636
2453.637688989325	24.861464
2454.641221822107	21.688715
2455.644754647375	16.787449
2456.648287466719	20.466858
2457.651820282313	19.692015
2458.655353098938	25.238802
2459.658885910725	22.601831
2460.662418729163	18.310627
2461.6659515531	18.789021
2462.669484374963	20.093473
2463.673017205725	23.972084
2464.6765500409	24.691706
2465.680082879463	19.124205
2466.683615726838	26.325571
2467.687148568888	27.188616
2468.690681407363	22.107557
2469.6942142498	20.207624
2470.697747095588	22.799818
2471.701279951925	17.550465
2472.704812809413	26.52272
2473.708345669875	22.543594
2474.711878520875	19.266016
2475.715411380494	16.276434
2476.718944251863	14.538185
2477.722477127788	19.792976
2478.726009999288	13.565834
2479.729542872075	17.630209
2480.733075750313	18.183535
2481.736608631857	14.173877
2482.740141506525	21.479593
2483.743674378113	30.589613
2484.747207237738	29.484671
2485.750740103819	21.348976
2486.754272973025	25.965435
2487.757805845863	23.657177
2488.761338717325	13.867507
2489.764871596525	17.158522
2490.768404474388	14.675684
2491.771937340388	15.559655
2492.775470208125	14.240878
2493.779003070663	21.778467
2494.782535925463	22.079084
2495.786068794263	16.322302
2496.789601656925	14.997895
2497.793134520638	20.67321
2498.796667385525	16.364361
2499.800200260713	16.252533
2500.803733142438	15.184305
2501.807266020825	15.857036
2502.810798897475	25.902693
2503.814331767188	21.29217
2504.81786463525	16.284204
2505.82139751105	15.996309
2506.824930384413	19.137026
2507.828463262057	13.809039
2508.831996141113	11.972219
2509.835529018163	22.69813
2510.839061896263	18.88061
2511.842594776613	11.655083
2512.846127657638	18.641769
2513.849660544413	15.851461
2514.853193423038	21.137619
2515.856726304975	19.356054
2516.860259182007	20.308264
2517.863792052688	23.573383
2518.867324924763	25.289963
2519.87085779315	21.475704
2520.874390663275	17.495491
2521.877923542588	24.434374
2522.881456423213	18.211817
2523.884989293513	24.76619
2524.888522160788	18.438242
2525.892055029275	11.243368
2526.895587900663	24.240181
2527.899120769069	22.265661
2528.902653647213	15.671625
2529.906186523863	21.39773
2530.909719402844	16.405113
2531.913252292288	21.390554
2532.916785192188	19.194355
2533.920318089113	17.483343
2534.923850984113	18.429094
2535.927383892963	19.48444
2536.930916790138	19.301226
2537.934449686275	10.693356
2538.937982597075	18.629183
2539.941515510888	13.766653
2540.945048422888	23.415009
2541.948581325463	15.583177
2542.952114227375	20.672955
2543.955647123638	15.245029
2544.959180012713	15.67975
2545.962712903063	22.154446
2546.966245796307	30.836227
2547.9697786898	17.737583
2548.973311580675	21.796356
2549.976844477113	13.791199
2550.980377379925	15.848427
2551.983910280513	28.550064
2552.987443180463	23.848003
2553.990976082338	20.246532
2554.994508979613	13.245136
2555.99804188405	25.622017
2557.001574780825	23.625513
2558.005107693088	19.851856
2559.0086406123	30.9781
2560.012173530782	21.952959
2561.015706443825	15.246224
2562.01923935355	20.923553
2563.022772256663	13.18278
2564.026305167113	21.900032
2565.029838083738	16.540926
2566.033370997013	16.343636
2567.036903911313	26.942453
2568.040436829894	21.942488
2569.043969746075	14.811183
2570.0475026609	21.536747
2571.05103558235	24.023542
2572.054568499575	20.494255
2573.058101402844	13.395028
2574.061634303538	21.174221
2575.065167202763	22.692455
2576.068700104813	16.934835
2577.072233010913	19.921707
2578.075765909463	12.98261
2579.07929880535	15.538668
2580.082831702663	29.233448
2581.086364605375	13.36103
2582.089897509713	26.339994
2583.093430418713	20.538465
2584.096963332075	19.964033
2585.100496233063	20.365778
2586.10402914045	15.160795
2587.107562057963	25.975586
2588.111094977663	19.126034
2589.114627900363	30.45573
2590.118160818688	23.178774
2591.121693731863	24.19186
2592.125226653363	22.627516
2593.128759562313	14.048785
2594.132292474988	17.192514
2595.135825391813	30.240448
2596.1393582965	14.821286
2597.142891202675	23.291426
2598.146424104238	17.614117
2599.149956998425	15.697595
2600.153489891263	19.798895
2601.157022784038	14.894385
2602.160555685138	25.294544
2603.164088598275	17.322292
2604.167621515913	10.710394
2605.17115443725	22.965714
2606.174687355019	19.964796
2607.178220260063	17.205486
2608.181753155875	25.393501
2609.185286047788	14.74346
2610.188818950013	12.51523
2611.192351855213	17.903639
2612.195884758613	24.728264
2613.199417673063	18.661137
2614.202950580494	20.438044
2615.206483484763	16.063221
2616.21001638625	21.515705
2617.213549292825	18.305134
2618.217082190813	16.254688
2619.220615089013	21.297667
2620.22414798885	21.338615
2621.227680887038	20.425196
2622.231213782188	16.84248
2623.234746684725	23.648573
2624.238279595044	22.953011
2625.241812489313	17.228281
2626.245345384313	17.866837
2627.248878293138	18.089861
2628.2524112113	21.074186
2629.255944124913	9.0535603
2630.259477043688	17.78067
2631.263009962125	23.192802
2632.266542880263	19.206991
2633.270075794113	16.013361
2634.273608699488	18.103758
2635.277141609213	17.836279
2636.2806745238	20.374411
2637.284207426575	13.140453
2638.287740333388	18.560333
2639.2912732298	23.039886
2640.294806125825	12.487247
2641.298339026488	14.842111
2642.301871928063	17.887474
2643.305404829475	16.275705
2644.30893773035	10.400475
2645.312470627813	16.38096
2646.316003522313	18.557322
2647.319536415575	17.758121
2648.3230693078	13.58992
2649.326602201575	17.163185
2650.330135093725	22.249195
2651.333667987938	23.456581
2652.337200875438	17.621471
2653.340733765525	16.144463
2654.344266656625	21.333046
2655.347799541275	20.140827
2656.351332427213	16.337069
2657.354865313513	17.462975
2658.358398198513	14.611405
2659.3619310816	21.262709
2660.365463957213	18.070927
2661.368996831175	17.431995
2662.372529695288	10.244023
2663.376062565575	14.623549
2664.379595435338	22.60491
2665.383128300988	11.953882
2666.38666116835	23.200104
2667.390194038013	18.419264
2668.393726908575	19.280554
2669.397259774963	17.752871
2670.400792642163	7.9263711
2671.404325516188	14.664544
2672.407858384263	14.811091
2673.411391251713	12.642741
2674.414924123175	7.1042724
2675.4184569915	12.133514
2676.421989865525	14.171745
2677.425522737938	12.034739
2678.42905560165	15.08529
2679.432588465925	15.729055
2680.436121331138	12.443083
2681.4396541964	13.475118
2682.443187062963	9.5446291
2683.446719928475	9.2390547
2684.450252800263	9.4875107
2685.453785671469	16.353907
2686.457318541925	14.028532
2687.460851415413	16.568701
2688.464384297188	6.7032347
2689.467917176288	13.34458
2690.471450050313	13.820688
2691.474982922175	14.465273
2692.478515792	11.929594
2693.482048651513	9.4563274
2694.485581510213	11.380264
2695.489114372213	11.176011
2696.492647225388	12.439017
2697.4961800804	8.6735706
2698.499712952275	9.2749147
2699.503245821988	7.3227282
2700.50677868725	12.935562
2701.510311554925	9.4062099
2702.513844423432	13.414597
2703.517377298513	6.8532777
2704.52091018205	9.1444149
2705.524443056488	12.503331
2706.527975929763	7.2530174
2707.531508799875	14.687193
2708.53504167535	10.339455
2709.538574554632	13.21326
2710.542107431857	10.937768
2711.5456403097	7.1867523
2712.549173188507	9.2863474
2713.552706071975	11.921329
2714.556238966475	8.8361111
2715.559771869275	6.3219419
2716.563304767925	8.1234818
2717.566837660075	11.639428
2718.570370550963	5.3581338
2719.573903438025	8.519453
2720.577436317388	10.764133
2721.580969189988	12.246855
2722.5845020683	11.758996
2723.58803494195	7.5363517
2724.591567810813	9.9307089
2725.595100687288	11.658297
2726.598633562975	9.5182238
2727.602166442538	10.269736
2728.60569932915	9.4058447
2729.609232213363	8.3851643
2730.612765100513	12.518833
2731.616297981588	11.16461
2732.619830863488	5.4689898
2733.623363748538	4.8712573
2734.626896626275	10.209097
2735.630429488325	9.1073198
2736.633962343575	8.6770859
2737.637495199125	10.596375
2738.641028053113	18.739998
2739.644560915913	15.115594
2740.648093778988	2.5439794
2741.651626638463	10.617311
2742.655159507363	7.3217182
2743.658692381188	6.0756583
2744.662225258025	13.662356
2745.66575813775	4.5342631
2746.669291018088	11.970699
2747.672823897225	13.208426
2748.676356774863	7.7017884
2749.679889645513	11.697186
2750.683422514575	4.8786569
2751.686955380388	8.1987667
2752.690488244925	7.7815742
2753.694021108738	8.2559643
2754.6975539733	7.1956897
2755.701086845425	8.0751686
2756.704619716488	8.5023212
