% SensorRevision=2013-02-26 15:04
% SerialNumber=111002
% LaserColor=Blue
% AutoBaselineEnabled=false
% AutoBaselineStart=102
% AutoBaselineInterval=10
% AutoBaselineAveragingTime=10
% AutoBaselineFlushTime=45
% AutoSaveEnabled=true
% AutoSaveInterval=5
% ExactSampleTime=0.88
%       7     744    3280       1
%    3742      15      10      45
%      10     102       5       3
%   20000    2.50  834.00   98.81
%  -85.92   77.00   27.60     0.0
%     0.0     0.0     0.0     1.0
%     1.2  429.15    0.10  -27.80
%  142.30      10       4  111002
IgorTime,NO2,RawLoss,Pressure,Temperature,Signal,Unused,Status,LastBaseline,Timestamp
3602714119,.074,453.012,726.31,303.05,-5165.66,133.26, 00004,429.148,2018/08/11 02:04:25
3602714120,.026,452.958,726.25,303.05,-5197.37,133.25, 00004,429.148,2018/08/11 02:04:26
3602714121,.088,453.022,726.18,303.06,-5198.16,133.26, 00004,429.148,2018/08/11 02:04:27
3602714122,.056,452.988,726.18,303.06,-5198.16,133.25, 00004,429.148,2018/08/11 02:04:28
3602714123,.080,453.013,726.18,303.06,-5198.16,133.25, 00004,429.148,2018/08/11 02:04:29
3602714124,.041,452.968,726.05,303.05,-5198.16,133.25, 00004,429.148,2018/08/11 02:04:30
3602714125,.058,452.984,725.98,303.06,-5198.16,133.25, 00004,429.148,2018/08/11 02:04:31
3602714126,.099,453.028,725.98,303.05,-5198.95,133.23, 00004,429.148,2018/08/11 02:04:32
3602714127,.036,452.960,725.98,303.06,-5198.16,133.23, 00004,429.148,2018/08/11 02:04:33
3602714128,.064,452.988,725.92,303.06,-5198.95,133.23, 00004,429.148,2018/08/11 02:04:34
3602714129,.014,452.935,725.92,303.06,-5198.95,133.23, 00004,429.148,2018/08/11 02:04:35
3602714130,.097,453.020,725.85,303.07,-5198.16,133.23, 00004,429.148,2018/08/11 02:04:36
3602714131,.011,452.926,725.78,303.07,-5198.95,133.22, 00004,429.148,2018/08/11 02:04:37
3602714132,.008,452.925,725.85,303.07,-5198.95,133.22, 00004,429.148,2018/08/11 02:04:38
3602714133,.042,452.958,725.72,303.06,-5198.95,133.22, 00004,429.148,2018/08/11 02:04:39
3602714134,.091,453.007,725.65,303.06,-5198.95,133.22, 00004,429.148,2018/08/11 02:04:40
3602714135,.054,452.968,725.65,303.07,-5199.75,133.23, 00004,429.148,2018/08/11 02:04:41
3602714136,-.212,452.576,722.35,303.07,-5203.71,133.22, 10004,429.148,2018/08/11 02:04:42
3602714137,.156,452.966,722.28,303.06,-5197.37,133.21, 10004,429.148,2018/08/11 02:04:43
3602714138,.100,452.907,722.28,303.05,-5199.75,133.21, 10004,429.148,2018/08/11 02:04:44
3602714139,.102,452.908,722.21,303.04,-5200.54,133.21, 10004,429.148,2018/08/11 02:04:46
3602714140,.107,452.913,722.21,303.04,-5201.33,133.21, 10004,429.148,2018/08/11 02:04:47
3602714141,.100,452.907,722.21,303.03,-5196.58,133.21, 10004,429.148,2018/08/11 02:04:48
3602714143,.078,452.884,722.21,303.03,-5201.33,133.21, 10004,429.148,2018/08/11 02:04:49
3602714144,.032,452.835,722.21,303.02,-5201.33,133.21, 10004,429.148,2018/08/11 02:04:50
3602714145,.032,452.836,722.21,303.02,-5202.12,133.20, 10004,429.148,2018/08/11 02:04:51
3602714146,.039,452.844,722.21,303.01,-5201.33,133.21, 10004,429.148,2018/08/11 02:04:52
3602714147,-.044,452.755,722.21,303.01,-5202.12,133.20, 10004,429.148,2018/08/11 02:04:53
3602714148,-.057,452.743,722.21,303.00,-5202.92,133.21, 10004,429.148,2018/08/11 02:04:54
3602714149,-.014,452.789,722.21,302.99,-5202.92,133.21, 10004,429.148,2018/08/11 02:04:55
3602714150,-.084,452.712,722.15,302.99,-5202.92,133.20, 10004,429.148,2018/08/11 02:04:56
3602714151,-.082,452.714,722.15,302.99,-5202.92,133.19, 10004,429.148,2018/08/11 02:04:57
3602714152,-.119,452.675,722.15,302.99,-5202.12,133.19, 10004,429.148,2018/08/11 02:04:58
3602714153,-.073,452.726,722.21,302.99,-5203.71,133.20, 10004,429.148,2018/08/11 02:04:59
3602714154,.025,452.831,722.21,302.99,-5203.71,133.19, 10004,429.148,2018/08/11 02:05:00
3602714155,.217,453.035,722.21,302.98,-5201.33,133.20, 10004,429.148,2018/08/11 02:05:01
3602714156,.196,453.010,722.15,302.98,-5197.37,133.19, 10004,429.148,2018/08/11 02:05:02
3602714157,.053,452.859,722.15,302.97,-5200.54,133.19, 10004,429.148,2018/08/11 02:05:03
3602714158,.148,452.960,722.15,302.97,-5203.71,133.19, 10004,429.148,2018/08/11 02:05:04
3602714159,.269,453.090,722.21,302.97,-5199.75,133.19, 10004,429.148,2018/08/11 02:05:05
3602714160,.101,452.910,722.15,302.97,-5198.95,133.18, 10004,429.148,2018/08/11 02:05:06
3602714161,.157,452.972,722.21,302.97,-5203.71,133.19, 10004,429.148,2018/08/11 02:05:07
3602714162,.190,452.973,721.16,302.97,-5200.54,133.18, 10004,429.148,2018/08/11 02:05:08
3602714163,.233,452.957,719.31,302.97,-5200.54,133.18, 10004,429.148,2018/08/11 02:05:09
3602714164,.156,452.958,721.82,302.97,-5202.12,133.18, 10004,429.148,2018/08/11 02:05:10
3602714165,.236,453.009,720.76,302.97,-5208.47,133.18, 10004,429.148,2018/08/11 02:05:11
3602714166,.269,453.046,720.83,302.97,-5193.41,133.17, 10004,429.148,2018/08/11 02:05:12
3602714167,.095,452.809,719.24,302.97,-5204.50,133.17, 10004,429.148,2018/08/11 02:05:13
3602714168,.467,453.297,722.08,302.97,-5196.58,133.17, 10004,429.148,2018/08/11 02:05:14
3602714169,-.130,452.665,722.15,302.97,-5204.50,133.18, 10004,429.148,2018/08/11 02:05:15
3602714170,.022,452.826,722.15,302.97,-5204.50,133.17, 10004,429.148,2018/08/11 02:05:16
3602714171,.060,452.869,722.21,302.97,-5203.71,133.17, 10004,429.148,2018/08/11 02:05:17
3602714172,.025,452.830,722.15,302.97,-5203.71,133.17, 10004,429.148,2018/08/11 02:05:18
3602714173,.076,452.884,722.15,302.97,-5203.71,133.16, 10004,429.148,2018/08/11 02:05:19
3602714174,.153,452.966,722.15,302.97,-5202.92,133.17, 10004,429.148,2018/08/11 02:05:20
3602714175,.246,453.067,722.21,302.97,-5202.12,133.17, 10004,429.148,2018/08/11 02:05:21
3602714176,.259,453.105,722.94,302.97,-5201.33,133.17, 10004,429.148,2018/08/11 02:05:22
3602714177,.157,453.002,723.14,302.97,-5201.33,133.16, 10004,429.148,2018/08/11 02:05:23
3602714178,.115,452.948,722.81,302.97,-5202.92,133.16, 10004,429.148,2018/08/11 02:05:24
3602714179,.072,452.899,722.74,302.97,-5202.92,133.16, 10004,429.148,2018/08/11 02:05:25
3602714180,-.031,452.790,722.74,302.97,-5202.92,133.14, 10004,429.148,2018/08/11 02:05:26
3602714181,-.007,452.812,722.68,302.97,-5203.71,133.16, 10004,429.148,2018/08/11 02:05:27
3602714182,-.077,452.738,722.68,302.97,-5203.71,133.16, 10004,429.148,2018/08/11 02:05:28
3602714183,-.116,452.695,722.61,302.97,-5204.50,133.14, 10004,429.148,2018/08/11 02:05:29
3602714184,-.068,452.748,722.68,302.97,-5204.50,133.14, 10004,429.148,2018/08/11 02:05:30
3602714185,-.090,452.725,722.68,302.97,-5204.50,133.14, 10004,429.148,2018/08/11 02:05:31
3602714186,-.098,452.714,722.61,302.97,-5205.29,133.14, 10004,429.148,2018/08/11 02:05:32
3602714187,-.086,452.726,722.61,302.98,-5205.29,133.13, 10004,429.148,2018/08/11 02:05:33
3602714188,-.083,452.729,722.61,302.98,-5205.29,133.13, 10004,429.148,2018/08/11 02:05:34
3602714189,-.118,452.693,722.61,302.97,-5205.29,133.14, 10004,429.148,2018/08/11 02:05:35
3602714190,-.113,452.700,722.68,302.98,-5206.09,133.14, 10004,429.148,2018/08/11 02:05:36
3602714191,-.095,452.719,722.68,302.98,-5205.29,133.13, 10004,429.148,2018/08/11 02:05:37
3602714192,-.155,452.655,722.68,302.98,-5205.29,133.14, 10004,429.148,2018/08/11 02:05:38
3602714193,-.108,452.718,723.07,302.98,-5205.29,133.13, 10004,429.148,2018/08/11 02:05:39
3602714194,-.130,452.700,723.27,302.99,-5206.09,133.13, 10004,429.148,2018/08/11 02:05:40
3602714195,-.140,452.692,723.34,302.98,-5206.09,133.12, 10004,429.148,2018/08/11 02:05:41
3602714196,-.068,452.768,723.34,302.99,-5205.29,133.13, 10004,429.148,2018/08/11 02:05:42
3602714197,-.172,452.656,723.27,302.99,-5206.09,133.13, 10004,429.148,2018/08/11 02:05:43
3602714198,-.178,452.651,723.34,302.99,-5206.09,133.12, 10004,429.148,2018/08/11 02:05:44
3602714199,-.181,452.648,723.34,302.99,-5206.09,133.13, 10004,429.148,2018/08/11 02:05:45
3602714200,-.135,452.695,723.27,302.99,-5206.09,133.12, 10004,429.148,2018/08/11 02:05:46
3602714201,-.072,452.761,723.27,302.99,-5206.88,133.12, 10004,429.148,2018/08/11 02:05:48
3602714202,-.075,452.758,723.27,302.99,-5206.88,133.11, 10004,429.148,2018/08/11 02:05:49
3602714203,-.177,452.651,723.34,303.00,-5206.88,133.11, 10004,429.148,2018/08/11 02:05:50
3602714204,-.195,452.629,723.27,303.00,-5206.88,133.12, 10004,429.148,2018/08/11 02:05:51
3602714205,-.123,452.707,723.27,302.99,-5206.88,133.12, 10004,429.148,2018/08/11 02:05:52
3602714207,-.140,452.688,723.27,303.00,-5206.88,133.11, 10004,429.148,2018/08/11 02:05:53
3602714207,-.148,452.681,723.34,303.01,-5207.67,133.11, 10004,429.148,2018/08/11 02:05:54
3602714209,-.136,452.694,723.34,303.01,-5207.67,133.11, 10004,429.148,2018/08/11 02:05:55
3602714210,-.125,452.704,723.27,303.01,-5206.88,133.11, 10004,429.148,2018/08/11 02:05:56
3602714211,-.142,452.686,723.27,303.01,-5206.88,133.10, 10004,429.148,2018/08/11 02:05:57
3602714212,-.137,452.691,723.27,303.01,-5206.88,133.11, 10004,429.148,2018/08/11 02:05:58
3602714213,-.157,452.670,723.27,303.01,-5207.67,133.11, 10004,429.148,2018/08/11 02:05:59
3602714214,-.169,452.643,722.88,303.02,-5207.67,133.10, 10004,429.148,2018/08/11 02:06:00
3602714215,-.204,452.604,722.81,303.02,-5207.67,133.10, 10004,429.148,2018/08/11 02:06:01
3602714216,-.150,452.662,722.81,303.01,-5207.67,133.10, 10004,429.148,2018/08/11 02:06:02
3602714217,-.139,452.673,722.81,303.02,-5208.47,133.09, 10004,429.148,2018/08/11 02:06:03
3602714218,-.132,452.680,722.81,303.02,-5208.47,133.09, 10004,429.148,2018/08/11 02:06:04
3602714219,-.162,452.648,722.81,303.03,-5208.47,133.10, 10004,429.148,2018/08/11 02:06:05
3602714220,-.220,452.591,722.94,303.03,-5209.26,133.09, 10004,429.148,2018/08/11 02:06:06
3602714221,-.158,452.656,722.94,303.03,-5209.26,133.09, 10004,429.148,2018/08/11 02:06:07
3602714222,-.159,452.655,722.94,303.03,-5208.47,133.09, 10004,429.148,2018/08/11 02:06:08
3602714223,-.202,452.608,722.88,303.03,-5208.47,133.09, 10004,429.148,2018/08/11 02:06:09
3602714224,-.222,452.588,722.94,303.03,-5208.47,133.09, 10004,429.148,2018/08/11 02:06:10
3602714225,-.152,452.662,722.94,303.03,-5209.26,133.08, 10004,429.148,2018/08/11 02:06:11
3602714226,-.154,452.660,722.94,303.03,-5210.05,133.09, 10004,429.148,2018/08/11 02:06:12
3602714227,-.214,452.596,722.94,303.03,-5210.05,133.08, 10004,429.148,2018/08/11 02:06:13
3602714228,-.134,452.681,722.94,303.04,-5209.26,133.09, 10004,429.148,2018/08/11 02:06:14
3602714229,-.119,452.694,722.88,303.05,-5210.05,133.09, 10004,429.148,2018/08/11 02:06:15
3602714230,-.147,452.666,722.94,303.05,-5209.26,133.08, 10004,429.148,2018/08/11 02:06:16
3602714231,-.216,452.593,722.94,303.05,-5210.05,133.08, 10004,429.148,2018/08/11 02:06:17
3602714232,-.191,452.619,722.94,303.05,-5210.05,133.08, 10004,429.148,2018/08/11 02:06:18
3602714233,-.205,452.604,722.94,303.05,-5210.05,133.08, 10004,429.148,2018/08/11 02:06:19
3602714234,-.187,452.623,722.94,303.05,-5210.05,133.07, 10004,429.148,2018/08/11 02:06:20
3602714235,-.180,452.633,723.01,303.05,-5210.05,133.08, 10004,429.148,2018/08/11 02:06:21
3602714236,-.226,452.585,723.07,303.06,-5210.84,133.07, 10004,429.148,2018/08/11 02:06:22
3602714237,-.201,452.610,723.01,303.06,-5210.84,133.08, 10004,429.148,2018/08/11 02:06:23
3602714238,-.173,452.643,723.07,303.05,-5210.84,133.07, 10004,429.148,2018/08/11 02:06:24
3602714239,-.153,452.662,723.01,303.06,-5210.84,133.08, 10004,429.148,2018/08/11 02:06:25
3602714240,-.156,452.658,723.01,303.07,-5210.84,133.08, 10004,429.148,2018/08/11 02:06:26
3602714241,-.214,452.595,723.01,303.07,-5210.84,133.07, 10004,429.148,2018/08/11 02:06:27
3602714242,-.156,452.660,723.07,303.07,-5210.84,133.07, 10004,429.148,2018/08/11 02:06:28
3602714243,-.266,452.542,723.07,303.08,-5210.84,133.07, 10004,429.148,2018/08/11 02:06:29
3602714244,-.171,452.641,723.01,303.08,-5212.43,133.05, 10004,429.148,2018/08/11 02:06:30
3602714245,-.184,452.627,723.01,303.08,-5211.64,133.08, 10004,429.148,2018/08/11 02:06:31
3602714246,-.196,452.616,723.07,303.08,-5212.43,133.05, 10004,429.148,2018/08/11 02:06:32
3602714247,-.162,452.653,723.07,303.08,-5211.64,133.05, 10004,429.148,2018/08/11 02:06:33
3602714248,-.200,452.613,723.14,303.09,-5212.43,133.05, 10004,429.148,2018/08/11 02:06:34
3602714249,-.254,452.556,723.14,303.10,-5212.43,133.05, 10004,429.148,2018/08/11 02:06:35
3602714250,-.223,452.587,723.07,303.09,-5212.43,133.05, 10004,429.148,2018/08/11 02:06:36
3602714251,-.282,452.526,723.14,303.10,-5213.22,133.05, 10004,429.148,2018/08/11 02:06:37
3602714252,-.230,452.581,723.14,303.10,-5212.43,133.05, 10004,429.148,2018/08/11 02:06:38
3602714253,-.262,452.547,723.14,303.10,-5213.22,133.04, 10004,429.148,2018/08/11 02:06:39
3602714254,-.174,452.640,723.14,303.10,-5213.22,133.04, 10004,429.148,2018/08/11 02:06:40
3602714255,-.198,452.617,723.21,303.10,-5213.22,133.05, 10004,429.148,2018/08/11 02:06:41
3602714256,-.243,452.568,723.21,303.11,-5213.22,133.04, 10004,429.148,2018/08/11 02:06:42
3602714257,-.279,452.532,723.27,303.11,-5214.01,133.04, 10004,429.148,2018/08/11 02:06:43
3602714258,-.354,452.450,723.21,303.11,-5213.22,133.04, 10004,429.148,2018/08/11 02:06:44
3602714259,-.302,452.507,723.27,303.12,-5213.22,133.03, 10004,429.148,2018/08/11 02:06:45
3602714260,-.257,452.552,723.21,303.12,-5214.81,133.03, 10004,429.148,2018/08/11 02:06:46
3602714261,-.287,452.522,723.27,303.12,-5214.01,133.04, 10004,429.148,2018/08/11 02:06:47
3602714262,-.268,452.543,723.27,303.12,-5214.01,133.03, 10004,429.148,2018/08/11 02:06:48
3602714263,-.273,452.537,723.27,303.12,-5214.01,133.03, 10004,429.148,2018/08/11 02:06:49
3602714264,-.269,452.541,723.27,303.13,-5214.81,133.03, 10004,429.148,2018/08/11 02:06:50
3602714265,-.254,452.557,723.27,303.13,-5214.81,133.03, 10004,429.148,2018/08/11 02:06:51
3602714266,-.266,452.544,723.27,303.14,-5214.81,133.03, 10004,429.148,2018/08/11 02:06:53
3602714267,-.311,452.498,723.34,303.14,-5214.81,133.03, 10004,429.148,2018/08/11 02:06:54
3602714268,-.295,452.515,723.34,303.14,-5215.60,133.02, 10004,429.148,2018/08/11 02:06:55
3602714269,-.360,452.445,723.34,303.14,-5215.60,133.03, 10004,429.148,2018/08/11 02:06:56
3602714270,-.293,452.517,723.34,303.14,-5215.60,133.03, 10004,429.148,2018/08/11 02:06:57
3602714271,-.345,452.462,723.34,303.14,-5216.39,133.02, 10004,429.148,2018/08/11 02:06:58
3602714273,-.276,452.535,723.34,303.14,-5216.39,133.02, 10004,429.148,2018/08/11 02:06:59
3602714274,-.319,452.488,723.34,303.15,-5216.39,133.02, 10004,429.148,2018/08/11 02:07:00
3602714275,-.340,452.465,723.34,303.16,-5216.39,133.02, 10004,429.148,2018/08/11 02:07:01
3602714276,-.342,452.466,723.40,303.16,-5215.60,133.01, 10004,429.148,2018/08/11 02:07:02
3602714277,-.310,452.499,723.40,303.16,-5217.18,133.02, 10004,429.148,2018/08/11 02:07:03
3602714278,-.373,452.432,723.40,303.16,-5216.39,133.01, 10004,429.148,2018/08/11 02:07:04
3602714279,-.332,452.475,723.40,303.17,-5217.18,133.02, 10004,429.148,2018/08/11 02:07:05
3602714280,-.357,452.448,723.40,303.17,-5217.18,133.01, 10004,429.148,2018/08/11 02:07:06
3602714281,-.369,452.438,723.47,303.17,-5198.95,133.02, 10004,429.148,2018/08/11 02:07:07
3602714282,-.342,452.466,723.47,303.17,-5217.18,133.02, 10004,429.148,2018/08/11 02:07:08
3602714283,-.382,452.423,723.47,303.18,-5217.18,133.01, 10004,429.148,2018/08/11 02:07:09
3602714284,-.394,452.411,723.47,303.18,-5217.98,133.01, 10004,429.148,2018/08/11 02:07:10
3602714285,-.428,452.376,723.54,303.18,-5217.98,133.01, 10004,429.148,2018/08/11 02:07:11
3602714286,-.395,452.411,723.54,303.18,-5217.98,133.01, 10004,429.148,2018/08/11 02:07:12
3602714287,-.433,452.369,723.47,303.18,-5218.77,133.01, 10004,429.148,2018/08/11 02:07:13
3602714288,-.352,452.456,723.54,303.19,-5218.77,133.00, 10004,429.148,2018/08/11 02:07:14
3602714289,-.388,452.420,723.60,303.19,-5218.77,133.00, 10004,429.148,2018/08/11 02:07:15
3602714290,-.438,452.367,723.60,303.20,-5218.77,133.00, 10004,429.148,2018/08/11 02:07:16
3602714291,-.393,452.415,723.60,303.20,-5219.56,133.01, 10004,429.148,2018/08/11 02:07:17
3602714292,-.427,452.378,723.60,303.20,-5219.56,133.01, 10004,429.148,2018/08/11 02:07:18
3602714293,-.483,452.318,723.60,303.20,-5219.56,133.00, 10004,429.148,2018/08/11 02:07:19
3602714294,-.417,452.386,723.54,303.21,-5219.56,133.00, 10004,429.148,2018/08/11 02:07:20
3602714295,-.451,452.352,723.60,303.20,-5220.36,133.00, 10004,429.148,2018/08/11 02:07:21
3602714296,-.397,452.409,723.60,303.22,-5220.36,133.00, 10004,429.148,2018/08/11 02:07:22
3602714297,-.465,452.336,723.60,303.22,-5220.36,132.99, 10004,429.148,2018/08/11 02:07:23
3602714298,-.440,452.363,723.60,303.23,-5220.36,133.00, 10004,429.148,2018/08/11 02:07:24
3602714299,-.450,452.352,723.60,303.23,-5221.15,132.99, 10004,429.148,2018/08/11 02:07:25
3602714300,-.426,452.377,723.60,303.23,-5221.15,132.99, 10004,429.148,2018/08/11 02:07:26
3602714301,-.504,452.292,723.54,303.23,-5221.94,132.99, 10004,429.148,2018/08/11 02:07:27
3602714302,-.531,452.263,723.54,303.23,-5221.94,132.99, 10004,429.148,2018/08/11 02:07:28
3602714303,-.552,452.239,723.47,303.23,-5221.94,132.98, 10004,429.148,2018/08/11 02:07:29
3602714304,-.516,452.274,723.40,303.25,-5221.94,132.98, 10004,429.148,2018/08/11 02:07:30
3602714305,-.510,452.278,723.34,303.24,-5221.94,132.99, 10004,429.148,2018/08/11 02:07:31
3602714306,-.508,452.280,723.34,303.25,-5221.94,132.98, 10004,429.148,2018/08/11 02:07:32
3602714307,-.521,452.263,723.27,303.25,-5222.73,132.98, 10004,429.148,2018/08/11 02:07:33
3602714308,-.609,452.170,723.27,303.25,-5223.53,132.98, 10004,429.148,2018/08/11 02:07:34
3602714309,-.566,452.212,723.14,303.25,-5222.73,132.98, 10004,429.148,2018/08/11 02:07:35
3602714310,-.616,452.158,723.14,303.26,-5223.53,132.98, 10004,429.148,2018/08/11 02:07:36
3602714311,-.558,452.218,723.07,303.26,-5223.53,132.98, 10004,429.148,2018/08/11 02:07:37
3602714312,-.532,452.242,723.01,303.27,-5223.53,132.98, 10004,429.148,2018/08/11 02:07:38
3602714313,-.486,452.291,723.01,303.27,-5224.32,132.98, 10004,429.148,2018/08/11 02:07:39
3602714314,-.599,452.171,723.01,303.27,-5224.32,132.98, 10004,429.148,2018/08/11 02:07:40
3602714315,-.475,452.301,722.94,303.27,-5224.32,132.96, 10004,429.148,2018/08/11 02:07:41
3602714316,-.574,452.196,722.94,303.27,-5224.32,132.98, 10004,429.148,2018/08/11 02:07:42
3602714317,-.510,452.258,722.81,303.28,-5225.11,132.96, 10004,429.148,2018/08/11 02:07:44
3602714318,-.527,452.241,722.81,303.28,-5225.11,132.96, 10004,429.148,2018/08/11 02:07:45
3602714319,-.523,452.241,722.68,303.28,-5225.11,132.98, 10004,429.148,2018/08/11 02:07:46
3602714320,-.590,452.171,722.74,303.29,-5225.11,132.98, 10004,429.148,2018/08/11 02:07:47
3602714321,-.611,452.147,722.68,303.29,-5225.90,132.96, 10004,429.148,2018/08/11 02:07:48
3602714323,-.609,452.146,722.61,303.29,-5225.90,132.96, 10004,429.148,2018/08/11 02:07:49
3602714324,-.671,452.080,722.61,303.29,-5225.90,132.96, 10004,429.148,2018/08/11 02:07:50
3602714325,-.643,452.108,722.55,303.30,-5226.70,132.96, 10004,429.148,2018/08/11 02:07:51
3602714326,-.687,452.060,722.55,303.30,-5226.70,132.96, 10004,429.148,2018/08/11 02:07:52
3602714327,-.602,452.150,722.55,303.31,-5225.90,132.96, 10004,429.148,2018/08/11 02:07:53
3602714328,-.604,452.145,722.48,303.31,-5226.70,132.96, 10004,429.148,2018/08/11 02:07:54
3602714329,-.643,452.102,722.41,303.31,-5227.49,132.95, 10004,429.148,2018/08/11 02:07:55
3602714330,-.683,452.061,722.48,303.32,-5227.49,132.95, 10004,429.148,2018/08/11 02:07:56
3602714331,-.663,452.082,722.48,303.32,-5228.28,132.95, 10004,429.148,2018/08/11 02:07:57
3602714332,-.590,452.160,722.48,303.32,-5227.49,132.95, 10004,429.148,2018/08/11 02:07:58
3602714333,-.624,452.121,722.41,303.32,-5227.49,132.95, 10004,429.148,2018/08/11 02:07:59
3602714334,-.613,452.133,722.41,303.33,-5227.49,132.95, 10004,429.148,2018/08/11 02:08:00
3602714335,-.659,452.085,722.48,303.33,-5228.28,132.95, 10004,429.148,2018/08/11 02:08:01
3602714336,-.689,452.056,722.55,303.33,-5227.49,132.94, 10004,429.148,2018/08/11 02:08:02
3602714337,-.686,452.057,722.48,303.33,-5227.49,132.95, 10004,429.148,2018/08/11 02:08:03
3602714338,-.707,452.034,722.48,303.34,-5228.28,132.95, 10004,429.148,2018/08/11 02:08:04
3602714339,-.743,451.995,722.48,303.35,-5228.28,132.94, 10004,429.148,2018/08/11 02:08:05
3602714340,-.779,451.957,722.48,303.35,-5229.07,132.94, 10004,429.148,2018/08/11 02:08:06
3602714341,-.720,452.020,722.48,303.35,-5229.07,132.94, 10004,429.148,2018/08/11 02:08:07
3602714342,-.784,451.951,722.48,303.35,-5229.07,132.93, 10004,429.148,2018/08/11 02:08:08
3602714343,-.751,451.989,722.55,303.35,-5229.87,132.94, 10004,429.148,2018/08/11 02:08:09
3602714344,-.691,452.050,722.48,303.36,-5229.07,132.94, 10004,429.148,2018/08/11 02:08:10
3602714345,-.720,452.021,722.55,303.36,-5229.07,132.94, 10004,429.148,2018/08/11 02:08:11
3602714346,-.732,452.005,722.48,303.37,-5229.07,132.94, 10004,429.148,2018/08/11 02:08:12
3602714347,-.750,451.986,722.48,303.37,-5229.87,132.93, 10004,429.148,2018/08/11 02:08:13
3602714348,-.707,452.031,722.48,303.37,-5229.87,132.94, 10004,429.148,2018/08/11 02:08:14
3602714349,-.722,452.015,722.48,303.37,-5229.87,132.93, 10004,429.148,2018/08/11 02:08:15
3602714350,-.775,451.958,722.48,303.38,-5229.87,132.94, 10004,429.148,2018/08/11 02:08:16
3602714351,-.721,452.018,722.55,303.39,-5230.66,132.93, 10004,429.148,2018/08/11 02:08:17
3602714352,-.793,451.939,722.48,303.39,-5229.87,132.94, 10004,429.148,2018/08/11 02:08:18
3602714353,-.798,451.936,722.55,303.39,-5230.66,132.94, 10004,429.148,2018/08/11 02:08:19
3602714354,-.760,451.975,722.55,303.40,-5230.66,132.93, 10004,429.148,2018/08/11 02:08:20
3602714355,-.799,451.934,722.55,303.40,-5231.45,132.93, 10004,429.148,2018/08/11 02:08:21
3602714356,-.810,451.920,722.48,303.40,-5230.66,132.94, 10004,429.148,2018/08/11 02:08:22
3602714357,-.809,451.923,722.55,303.41,-5231.45,132.93, 10004,429.148,2018/08/11 02:08:23
3602714358,-.820,451.911,722.55,303.41,-5231.45,132.92, 10004,429.148,2018/08/11 02:08:24
3602714359,-.815,451.914,722.48,303.41,-5231.45,132.93, 10004,429.148,2018/08/11 02:08:25
3602714360,-.835,451.892,722.48,303.42,-5232.24,132.92, 10004,429.148,2018/08/11 02:08:26
3602714361,-.826,451.904,722.55,303.42,-5232.24,132.93, 10004,429.148,2018/08/11 02:08:27
3602714362,-.840,451.889,722.55,303.42,-5232.24,132.93, 10004,429.148,2018/08/11 02:08:28
3602714363,-.819,451.908,722.48,303.43,-5232.24,132.92, 10004,429.148,2018/08/11 02:08:29
3602714364,-.840,451.887,722.48,303.43,-5232.24,132.92, 10004,429.148,2018/08/11 02:08:30
3602714365,-.850,451.877,722.55,303.44,-5233.04,132.93, 10004,429.148,2018/08/11 02:08:31
3602714366,-.857,451.870,722.55,303.44,-5232.24,132.92, 10004,429.148,2018/08/11 02:08:32
3602714367,-.868,451.860,722.61,303.44,-5233.04,132.93, 10004,429.148,2018/08/11 02:08:33
3602714368,-.842,451.887,722.61,303.44,-5233.04,132.91, 10004,429.148,2018/08/11 02:08:34
3602714369,-.883,451.843,722.61,303.45,-5233.83,132.92, 10004,429.148,2018/08/11 02:08:35
3602714370,-.928,451.795,722.61,303.45,-5233.83,132.91, 10004,429.148,2018/08/11 02:08:36
3602714371,-.898,451.825,722.55,303.46,-5233.83,132.92, 10004,429.148,2018/08/11 02:08:37
3602714372,-.888,451.836,722.61,303.46,-5233.83,132.91, 10004,429.148,2018/08/11 02:08:38
3602714373,-.971,451.748,722.61,303.46,-5234.62,132.91, 10004,429.148,2018/08/11 02:08:39
3602714374,-.944,451.777,722.61,303.47,-5234.62,132.91, 10004,429.148,2018/08/11 02:08:40
3602714375,-.908,451.813,722.55,303.47,-5234.62,132.91, 10004,429.148,2018/08/11 02:08:41
3602714376,-.938,451.780,722.55,303.48,-5234.62,132.91, 10004,429.148,2018/08/11 02:08:42
3602714377,-.961,451.757,722.55,303.48,-5235.42,132.91, 10004,429.148,2018/08/11 02:08:43
3602714378,-.979,451.739,722.61,303.48,-5234.62,132.90, 10004,429.148,2018/08/11 02:08:44
3602714379,-1.012,451.704,722.61,303.48,-5235.42,132.91, 10004,429.148,2018/08/11 02:08:45
3602714380,-.964,451.755,722.61,303.49,-5236.21,132.91, 10004,429.148,2018/08/11 02:08:46
3602714381,-.942,451.777,722.61,303.50,-5236.21,132.91, 10004,429.148,2018/08/11 02:08:47
3602714382,-.987,451.728,722.61,303.50,-5236.21,132.91, 10004,429.148,2018/08/11 02:08:49
3602714383,-.984,451.732,722.61,303.50,-5236.21,132.90, 10004,429.148,2018/08/11 02:08:50
3602714384,-.944,451.774,722.61,303.51,-5236.21,132.91, 10004,429.148,2018/08/11 02:08:51
3602714385,-.974,451.744,722.68,303.51,-5236.21,132.90, 10004,429.148,2018/08/11 02:08:52
3602714387,-.947,451.771,722.61,303.51,-5237.00,132.90, 10004,429.148,2018/08/11 02:08:53
3602714387,-1.002,451.712,722.61,303.52,-5237.00,132.90, 10004,429.148,2018/08/11 02:08:54
3602714389,-1.060,451.652,722.68,303.52,-5236.21,132.90, 10004,429.148,2018/08/11 02:08:55
3602714390,-.984,451.735,722.74,303.52,-5237.79,132.90, 10004,429.148,2018/08/11 02:08:56
3602714391,-1.047,451.665,722.68,303.53,-5237.79,132.90, 10004,429.148,2018/08/11 02:08:57
3602714392,-1.071,451.639,722.68,303.54,-5237.79,132.90, 10004,429.148,2018/08/11 02:08:58
3602714393,-1.066,451.644,722.68,303.55,-5237.79,132.89, 10004,429.148,2018/08/11 02:08:59
3602714394,-1.094,451.614,722.68,303.55,-5238.59,132.89, 10004,429.148,2018/08/11 02:09:00
3602714395,-1.073,451.637,722.68,303.55,-5238.59,132.89, 10004,429.148,2018/08/11 02:09:01
3602714396,-1.114,451.595,722.74,303.55,-5238.59,132.89, 10004,429.148,2018/08/11 02:09:02
3602714397,-1.094,451.613,722.68,303.55,-5238.59,132.89, 10004,429.148,2018/08/11 02:09:03
3602714398,-1.095,451.612,722.68,303.57,-5239.38,132.87, 10004,429.148,2018/08/11 02:09:04
3602714399,-1.123,451.584,722.74,303.56,-5239.38,132.89, 10004,429.148,2018/08/11 02:09:05
3602714400,-1.147,451.558,722.74,303.57,-5240.17,132.89, 10004,429.148,2018/08/11 02:09:06
3602714401,-1.122,451.587,722.81,303.57,-5239.38,132.89, 10004,429.148,2018/08/11 02:09:07
3602714402,-1.123,451.584,722.74,303.57,-5240.17,132.89, 10004,429.148,2018/08/11 02:09:08
3602714403,-1.147,451.555,722.68,303.58,-5240.17,132.89, 10004,429.148,2018/08/11 02:09:09
3602714404,-1.110,451.594,722.68,303.59,-5240.17,132.87, 10004,429.148,2018/08/11 02:09:10
3602714405,-1.196,451.504,722.74,303.59,-5240.17,132.87, 10004,429.148,2018/08/11 02:09:11
3602714406,-1.164,451.536,722.68,303.60,-5240.96,132.87, 10004,429.148,2018/08/11 02:09:12
3602714407,-1.104,451.608,722.94,303.59,-5240.96,132.87, 10004,429.148,2018/08/11 02:09:13
3602714408,-1.190,451.519,723.01,303.60,-5240.96,132.87, 10004,429.148,2018/08/11 02:09:14
3602714409,-1.071,451.642,722.94,303.61,-5241.76,132.87, 10004,429.148,2018/08/11 02:09:15
3602714410,-1.148,451.555,722.74,303.61,-5240.96,132.86, 10004,429.148,2018/08/11 02:09:16
3602714411,-1.193,451.508,722.81,303.61,-5240.96,132.87, 10004,429.148,2018/08/11 02:09:17
3602714412,-1.143,451.559,722.74,303.62,-5241.76,132.86, 10004,429.148,2018/08/11 02:09:18
3602714413,-1.198,451.501,722.74,303.62,-5241.76,132.87, 10004,429.148,2018/08/11 02:09:19
3602714414,-1.223,451.475,722.81,303.63,-5241.76,132.87, 10004,429.148,2018/08/11 02:09:20
3602714415,-1.148,451.553,722.74,303.63,-5241.76,132.87, 10004,429.148,2018/08/11 02:09:21
3602714416,-1.175,451.528,722.88,303.63,-5242.55,132.87, 10004,429.148,2018/08/11 02:09:22
3602714417,-1.190,451.510,722.81,303.63,-5243.34,132.87, 10004,429.148,2018/08/11 02:09:23
3602714418,-1.219,451.479,722.81,303.64,-5242.55,132.86, 10004,429.148,2018/08/11 02:09:24
3602714419,-1.202,451.531,723.93,303.65,-5241.76,132.86, 10004,429.148,2018/08/11 02:09:25
3602714420,-1.236,451.497,724.00,303.65,-5242.55,132.86, 10004,429.148,2018/08/11 02:09:26
3602714421,-1.214,451.519,724.00,303.65,-5243.34,132.86, 10004,429.148,2018/08/11 02:09:27
3602714422,-1.206,451.526,723.93,303.66,-5242.55,132.86, 10004,429.148,2018/08/11 02:09:28
3602714423,-1.262,451.470,724.07,303.66,-5243.34,132.86, 10004,429.148,2018/08/11 02:09:29
3602714424,-1.249,451.484,724.07,303.67,-5243.34,132.86, 10004,429.148,2018/08/11 02:09:30
3602714425,-1.280,451.450,724.07,303.67,-5243.34,132.85, 10004,429.148,2018/08/11 02:09:31
3602714426,-1.230,451.502,724.07,303.68,-5244.13,132.86, 10004,429.148,2018/08/11 02:09:32
3602714427,-1.233,451.504,724.20,303.68,-5244.13,132.86, 10004,429.148,2018/08/11 02:09:33
3602714428,-1.248,451.487,724.20,303.69,-5244.13,132.86, 10004,429.148,2018/08/11 02:09:34
3602714429,-1.246,451.488,724.20,303.69,-5244.13,132.85, 10004,429.148,2018/08/11 02:09:35
3602714430,-1.341,451.390,724.26,303.69,-5244.13,132.86, 10004,429.148,2018/08/11 02:09:36
3602714431,-1.278,451.455,724.20,303.69,-5244.93,132.84, 10004,429.148,2018/08/11 02:09:37
3602714432,-1.273,451.458,724.13,303.70,-5244.93,132.86, 10004,429.148,2018/08/11 02:09:38
3602714433,-1.284,451.450,724.26,303.70,-5244.93,132.85, 10004,429.148,2018/08/11 02:09:39
3602714434,-1.330,451.405,724.40,303.71,-5245.72,132.85, 10004,429.148,2018/08/11 02:09:40
3602714435,-1.301,451.433,724.33,303.71,-5245.72,132.85, 10004,429.148,2018/08/11 02:09:41
3602714436,-1.259,451.479,724.40,303.72,-5246.51,132.84, 10004,429.148,2018/08/11 02:09:42
3602714437,-1.395,451.326,724.13,303.72,-5246.51,132.85, 10004,429.148,2018/08/11 02:09:43
3602714438,-1.338,451.391,724.26,303.73,-5247.30,132.84, 10004,429.148,2018/08/11 02:09:44
3602714439,-1.338,451.390,724.26,303.74,-5246.51,132.84, 10004,429.148,2018/08/11 02:09:45
3602714440,-1.369,451.359,724.33,303.74,-5246.51,132.84, 10004,429.148,2018/08/11 02:09:46
3602714441,-1.385,451.342,724.33,303.74,-5247.30,132.84, 10004,429.148,2018/08/11 02:09:47
3602714442,-1.347,451.382,724.33,303.74,-5247.30,132.84, 10004,429.148,2018/08/11 02:09:48
3602714443,-1.307,451.421,724.26,303.75,-5248.10,132.85, 10004,429.148,2018/08/11 02:09:49
3602714444,-1.328,451.399,724.26,303.75,-5247.30,132.84, 10004,429.148,2018/08/11 02:09:50
3602714445,-1.323,451.407,724.33,303.76,-5247.30,132.84, 10004,429.148,2018/08/11 02:09:51
3602714446,-1.314,451.416,724.33,303.76,-5248.10,132.84, 10004,429.148,2018/08/11 02:09:52
3602714447,-1.429,451.295,724.40,303.77,-5248.89,132.84, 10004,429.148,2018/08/11 02:09:54
3602714448,-1.393,451.333,724.40,303.77,-5248.89,132.84, 10004,429.148,2018/08/11 02:09:55
3602714449,-1.431,451.291,724.33,303.77,-5248.89,132.84, 10004,429.148,2018/08/11 02:09:56
3602714450,-1.340,451.385,724.26,303.78,-5249.68,132.84, 10004,429.148,2018/08/11 02:09:57
3602714451,-1.397,451.324,724.26,303.78,-5249.68,132.83, 10004,429.148,2018/08/11 02:09:58
3602714452,-1.396,451.324,724.26,303.79,-5249.68,132.83, 10004,429.148,2018/08/11 02:09:59
3602714454,-1.414,451.303,724.20,303.79,-5248.89,132.83, 10004,429.148,2018/08/11 02:10:00
3602714454,-1.455,451.261,724.26,303.80,-5248.89,132.83, 10004,429.148,2018/08/11 02:10:01
3602714456,-1.416,451.311,724.53,303.80,-5248.89,132.84, 10004,429.148,2018/08/11 02:10:02
3602714457,-1.462,451.261,724.53,303.80,-5249.68,132.83, 10004,429.148,2018/08/11 02:10:03
3602714458,-1.406,451.325,724.66,303.80,-5250.48,132.83, 10004,429.148,2018/08/11 02:10:04
3602714459,-1.427,451.291,724.33,303.82,-5251.27,132.83, 10004,429.148,2018/08/11 02:10:05
3602714460,-1.458,451.261,724.40,303.82,-5250.48,132.83, 10004,429.148,2018/08/11 02:10:06
3602714461,-1.466,451.256,724.53,303.82,-5251.27,132.84, 10004,429.148,2018/08/11 02:10:07
3602714462,-1.470,451.253,724.59,303.82,-5252.06,132.83, 10004,429.148,2018/08/11 02:10:08
3602714463,-1.518,451.201,724.59,303.83,-5251.27,132.83, 10004,429.148,2018/08/11 02:10:09
3602714464,-1.494,451.229,724.66,303.83,-5251.27,132.82, 10004,429.148,2018/08/11 02:10:10
3602714465,-1.485,451.242,724.79,303.84,-5251.27,132.82, 10004,429.148,2018/08/11 02:10:11
3602714466,-1.480,451.250,724.86,303.84,-5252.06,132.82, 10004,429.148,2018/08/11 02:10:12
3602714467,-1.510,451.213,724.73,303.84,-5252.06,132.82, 10004,429.148,2018/08/11 02:10:13
3602714468,-1.442,451.285,724.73,303.85,-5252.85,132.82, 10004,429.148,2018/08/11 02:10:14
3602714469,-1.525,451.200,724.86,303.86,-5252.85,132.82, 10004,429.148,2018/08/11 02:10:15
3602714470,-1.587,451.134,724.86,303.87,-5253.65,132.81, 10004,429.148,2018/08/11 02:10:16
3602714471,-1.588,451.137,724.99,303.87,-5254.44,132.81, 10004,429.148,2018/08/11 02:10:17
3602714472,-1.535,451.190,724.93,303.87,-5253.65,132.82, 10004,429.148,2018/08/11 02:10:18
3602714473,-1.532,451.192,724.86,303.87,-5254.44,132.82, 10004,429.148,2018/08/11 02:10:19
3602714474,-1.611,451.109,724.93,303.88,-5254.44,132.81, 10004,429.148,2018/08/11 02:10:20
3602714475,-1.631,451.083,724.79,303.89,-5254.44,132.81, 10004,429.148,2018/08/11 02:10:21
3602714476,-1.557,451.165,724.93,303.89,-5254.44,132.82, 10004,429.148,2018/08/11 02:10:22
3602714477,-1.545,451.179,724.93,303.89,-5254.44,132.81, 10004,429.148,2018/08/11 02:10:23
3602714478,-1.574,451.150,724.99,303.89,-5254.44,132.81, 10004,429.148,2018/08/11 02:10:24
3602714479,-1.615,451.106,724.99,303.90,-5254.44,132.81, 10004,429.148,2018/08/11 02:10:25
3602714480,-1.644,451.076,725.06,303.91,-5254.44,132.81, 10004,429.148,2018/08/11 02:10:26
3602714481,-1.571,451.154,725.06,303.91,-5255.23,132.82, 10004,429.148,2018/08/11 02:10:27
3602714482,-1.546,451.180,725.06,303.91,-5256.02,132.81, 10004,429.148,2018/08/11 02:10:28
3602714483,-1.643,451.081,725.19,303.92,-5256.02,132.80, 10004,429.148,2018/08/11 02:10:29
3602714484,-1.709,451.006,725.06,303.92,-5256.82,132.80, 10004,429.148,2018/08/11 02:10:30
3602714485,-1.624,451.100,725.19,303.93,-5256.82,132.81, 10004,429.148,2018/08/11 02:10:31
3602714486,-1.635,451.086,725.12,303.93,-5256.82,132.80, 10004,429.148,2018/08/11 02:10:32
3602714487,-1.617,451.107,725.19,303.94,-5257.61,132.81, 10004,429.148,2018/08/11 02:10:33
3602714488,-1.656,451.061,725.06,303.94,-5256.82,132.81, 10004,429.148,2018/08/11 02:10:34
3602714489,-1.695,451.018,724.99,303.94,-5257.61,132.81, 10004,429.148,2018/08/11 02:10:35
3602714490,-1.688,451.019,724.79,303.95,-5257.61,132.80, 10004,429.148,2018/08/11 02:10:36
3602714491,-1.718,450.990,724.93,303.95,-5259.19,132.81, 10004,429.148,2018/08/11 02:10:37
3602714492,-1.754,450.944,724.66,303.96,-5259.99,132.81, 10004,429.148,2018/08/11 02:10:38
3602714493,-1.715,450.987,724.73,303.96,-5259.99,132.80, 10004,429.148,2018/08/11 02:10:39
3602714494,-1.737,450.961,724.66,303.97,-5260.78,132.80, 10004,429.148,2018/08/11 02:10:40
3602714495,-1.688,451.013,724.66,303.97,-5260.78,132.80, 10004,429.148,2018/08/11 02:10:41
3602714496,-1.723,450.971,724.53,303.98,-5260.78,132.80, 10004,429.148,2018/08/11 02:10:42
3602714497,-1.738,450.953,724.46,303.98,-5260.78,132.78, 10004,429.148,2018/08/11 02:10:43
3602714498,-1.727,450.966,724.53,303.99,-5260.78,132.80, 10004,429.148,2018/08/11 02:10:44
3602714499,-1.735,450.955,724.46,303.99,-5261.57,132.78, 10004,429.148,2018/08/11 02:10:45
3602714500,-1.779,450.901,724.20,303.99,-5261.57,132.80, 10004,429.148,2018/08/11 02:10:46
3602714501,-1.735,450.948,724.20,303.99,-5260.78,132.80, 10004,429.148,2018/08/11 02:10:47
3602714502,-1.865,450.706,720.76,304.01,-5261.57,132.80, 10004,429.148,2018/08/11 02:10:48
3602714503,-1.667,450.913,720.69,304.01,-5256.82,132.80, 10004,429.148,2018/08/11 02:10:49
3602714504,-1.744,450.835,720.83,304.01,-5260.78,132.80, 10004,429.148,2018/08/11 02:10:50
3602714505,-1.919,450.649,720.83,304.02,-5263.95,132.78, 10004,429.148,2018/08/11 02:10:51
3602714506,-1.993,450.571,720.83,304.02,-5267.91,132.80, 10004,429.148,2018/08/11 02:10:52
3602714507,-1.801,450.779,720.96,304.02,-5263.95,132.78, 10004,429.148,2018/08/11 02:10:53
3602714508,-1.787,450.784,720.69,304.04,-5263.95,132.80, 10004,429.148,2018/08/11 02:10:54
3602714509,-1.723,450.856,720.83,304.04,-5263.95,132.78, 10004,429.148,2018/08/11 02:10:55
3602714510,-1.660,450.915,720.63,304.04,-5262.37,132.78, 10004,429.148,2018/08/11 02:10:56
3602714511,-1.771,450.800,720.69,304.04,-5263.16,132.78, 10004,429.148,2018/08/11 02:10:57
3602714512,-1.591,450.992,720.76,304.05,-5262.37,132.78, 10004,429.148,2018/08/11 02:10:59
3602714513,-1.504,451.082,720.69,304.05,-5262.37,132.78, 10004,429.148,2018/08/11 02:11:00
3602714514,-1.449,451.143,720.83,304.06,-5261.57,132.78, 10004,429.148,2018/08/11 02:11:01
3602714515,-1.430,451.161,720.76,304.06,-5261.57,132.78, 10004,429.148,2018/08/11 02:11:02
3602714516,-1.425,451.168,720.83,304.07,-5261.57,132.78, 10004,429.148,2018/08/11 02:11:03
3602714517,-1.412,451.180,720.76,304.07,-5261.57,132.77, 10004,429.148,2018/08/11 02:11:04
3602714518,-1.450,451.137,720.69,304.07,-5260.78,132.78, 10004,429.148,2018/08/11 02:11:05
3602714520,-1.452,451.137,720.76,304.08,-5261.57,132.78, 10004,429.148,2018/08/11 02:11:06
3602714521,-1.483,451.102,720.69,304.08,-5260.78,132.77, 10004,429.148,2018/08/11 02:11:07
3602714522,-1.440,451.146,720.69,304.09,-5261.57,132.78, 10004,429.148,2018/08/11 02:11:08
3602714523,-1.425,451.164,720.76,304.10,-5261.57,132.77, 10004,429.148,2018/08/11 02:11:09
3602714524,-1.457,451.128,720.69,304.10,-5262.37,132.77, 10004,429.148,2018/08/11 02:11:10
3602714525,-1.510,451.074,720.76,304.10,-5263.16,132.77, 10004,429.148,2018/08/11 02:11:11
3602714526,-1.454,451.132,720.76,304.11,-5262.37,132.77, 10004,429.148,2018/08/11 02:11:12
3602714527,-1.557,451.025,720.83,304.12,-5263.16,132.77, 10004,429.148,2018/08/11 02:11:13
3602714528,-1.563,451.018,720.83,304.12,-5263.16,132.77, 10004,429.148,2018/08/11 02:11:14
3602714529,-1.501,451.080,720.69,304.12,-5261.57,132.77, 10004,429.148,2018/08/11 02:11:15
3602714530,-1.477,451.105,720.69,304.12,-5261.57,132.76, 10004,429.148,2018/08/11 02:11:16
3602714531,-1.539,451.042,720.76,304.12,-5261.57,132.76, 10004,429.148,2018/08/11 02:11:17
3602714532,-1.467,451.119,720.83,304.13,-5260.78,132.77, 10004,429.148,2018/08/11 02:11:18
3602714533,-1.468,451.118,720.83,304.14,-5261.57,132.77, 10004,429.148,2018/08/11 02:11:19
3602714534,-1.502,451.079,720.76,304.14,-5261.57,132.76, 10004,429.148,2018/08/11 02:11:20
3602714535,-1.395,451.194,720.83,304.15,-5260.78,132.76, 10004,429.148,2018/08/11 02:11:21
3602714536,-1.475,451.106,720.69,304.15,-5261.57,132.76, 10004,429.148,2018/08/11 02:11:22
3602714537,-1.490,451.091,720.76,304.16,-5261.57,132.77, 10004,429.148,2018/08/11 02:11:23
3602714538,-1.465,451.117,720.76,304.16,-5262.37,132.77, 10004,429.148,2018/08/11 02:11:24
3602714539,-1.428,451.158,720.83,304.16,-5262.37,132.76, 10004,429.148,2018/08/11 02:11:25
3602714540,-1.460,451.122,720.76,304.17,-5262.37,132.76, 10004,429.148,2018/08/11 02:11:26
3602714541,-1.534,451.043,720.76,304.18,-5262.37,132.76, 10004,429.148,2018/08/11 02:11:27
3602714542,-1.409,451.175,720.76,304.18,-5261.57,132.76, 10004,429.148,2018/08/11 02:11:28
3602714543,-1.329,451.255,720.63,304.19,-5262.37,132.76, 10004,429.148,2018/08/11 02:11:29
3602714544,-1.349,451.230,720.50,304.19,-5261.57,132.76, 10004,429.148,2018/08/11 02:11:30
3602714545,-1.360,451.222,720.63,304.19,-5260.78,132.76, 10004,429.148,2018/08/11 02:11:31
3602714546,-1.423,451.157,720.69,304.19,-5261.57,132.75, 10004,429.148,2018/08/11 02:11:32
3602714547,-1.349,451.239,720.83,304.20,-5261.57,132.75, 10004,429.148,2018/08/11 02:11:33
3602714548,-1.412,451.170,720.76,304.21,-5261.57,132.75, 10004,429.148,2018/08/11 02:11:34
3602714549,-1.376,451.207,720.76,304.21,-5262.37,132.75, 10004,429.148,2018/08/11 02:11:35
3602714550,-1.350,451.231,720.63,304.21,-5262.37,132.76, 10004,429.148,2018/08/11 02:11:36
3602714551,-1.357,451.223,720.63,304.22,-5262.37,132.75, 10004,429.148,2018/08/11 02:11:37
3602714552,-1.327,451.256,720.69,304.23,-5262.37,132.75, 10004,429.148,2018/08/11 02:11:38
3602714553,-1.376,451.204,720.69,304.23,-5261.57,132.76, 10004,429.148,2018/08/11 02:11:39
3602714554,-1.387,451.198,720.89,304.24,-5261.57,132.75, 10004,429.148,2018/08/11 02:11:40
3602714555,-1.298,451.292,720.89,304.24,-5261.57,132.75, 10004,429.148,2018/08/11 02:11:41
3602714556,-1.323,451.263,720.83,304.25,-5261.57,132.75, 10004,429.148,2018/08/11 02:11:42
3602714557,-1.294,451.295,720.89,304.25,-5262.37,132.75, 10004,429.148,2018/08/11 02:11:43
3602714558,-1.255,451.337,720.89,304.25,-5262.37,132.74, 10004,429.148,2018/08/11 02:11:44
3602714559,-1.299,451.282,720.63,304.25,-5262.37,132.75, 10004,429.148,2018/08/11 02:11:45
3602714561,-1.304,451.282,720.83,304.27,-5210.84,132.75, 10004,429.148,2018/08/11 02:11:48
3602714562,-1.335,451.246,720.76,304.28,-5260.78,132.75, 10004,429.148,2018/08/11 02:11:49
3602714564,-1.255,451.332,720.83,304.28,-5262.37,132.75, 10004,429.148,2018/08/11 02:11:50
3602714565,-1.283,451.302,720.83,304.29,-5261.57,132.76, 10004,429.148,2018/08/11 02:11:51
3602714566,-1.197,451.389,720.69,304.29,-5262.37,132.74, 10004,429.148,2018/08/11 02:11:52
3602714567,-1.257,451.319,720.50,304.29,-5262.37,132.75, 10004,429.148,2018/08/11 02:11:53
3602714568,-1.273,451.310,720.76,304.30,-5260.78,132.74, 10004,429.148,2018/08/11 02:11:54
3602714569,-1.241,451.342,720.69,304.30,-5262.37,132.74, 10004,429.148,2018/08/11 02:11:55
3602714570,-1.237,451.345,720.69,304.31,-5262.37,132.75, 10004,429.148,2018/08/11 02:11:56
3602714571,-1.209,451.378,720.83,304.31,-5263.16,132.75, 10004,429.148,2018/08/11 02:11:57
3602714572,-1.234,451.352,720.83,304.32,-5262.37,132.75, 10004,429.148,2018/08/11 02:11:58
3602714573,-1.266,451.317,720.83,304.32,-5262.37,132.74, 10004,429.148,2018/08/11 02:11:59
3602714574,-1.250,451.336,720.89,304.33,-5263.16,132.74, 10004,429.148,2018/08/11 02:12:00
3602714575,-1.177,451.411,720.83,304.33,-5263.16,132.74, 10004,429.148,2018/08/11 02:12:01
3602714576,-1.235,451.345,720.69,304.34,-5262.37,132.73, 10004,429.148,2018/08/11 02:12:02
3602714577,-1.212,451.369,720.69,304.34,-5262.37,132.74, 10004,429.148,2018/08/11 02:12:03
3602714578,-1.131,451.453,720.63,304.35,-5261.57,132.74, 10004,429.148,2018/08/11 02:12:04
3602714579,-1.206,451.375,720.69,304.36,-5262.37,132.74, 10004,429.148,2018/08/11 02:12:05
3602714580,-1.211,451.371,720.76,304.36,-5263.16,132.74, 10004,429.148,2018/08/11 02:12:06
3602714581,-1.191,451.390,720.69,304.36,-5257.61,132.74, 10004,429.148,2018/08/11 02:12:07
3602714582,-1.259,451.318,720.69,304.37,-5263.16,132.74, 10004,429.148,2018/08/11 02:12:08
3602714583,-1.210,451.369,720.69,304.38,-5263.16,132.74, 10004,429.148,2018/08/11 02:12:09
3602714584,-1.112,451.474,720.76,304.38,-5263.16,132.73, 10004,429.148,2018/08/11 02:12:10
3602714585,-1.139,451.447,720.83,304.38,-5263.16,132.73, 10004,429.148,2018/08/11 02:12:11
3602714586,-1.159,451.430,720.96,304.39,-5263.95,132.74, 10004,429.148,2018/08/11 02:12:12
3602714587,-1.170,451.414,720.83,304.39,-5263.16,132.73, 10004,429.148,2018/08/11 02:12:13
3602714588,-1.111,451.476,720.83,304.40,-5263.16,132.74, 10004,429.148,2018/08/11 02:12:14
3602714589,-1.143,451.441,720.83,304.40,-5262.37,132.73, 10004,429.148,2018/08/11 02:12:15
3602714590,-1.181,451.405,720.96,304.41,-5263.16,132.74, 10004,429.148,2018/08/11 02:12:16
3602714591,-1.184,451.400,720.89,304.41,-5263.16,132.73, 10004,429.148,2018/08/11 02:12:17
3602714592,-1.200,451.382,720.89,304.42,-5263.16,132.73, 10004,429.148,2018/08/11 02:12:18
3602714593,-1.123,451.461,720.83,304.42,-5263.16,132.74, 10004,429.148,2018/08/11 02:12:19
3602714594,-1.145,451.440,720.89,304.43,-5263.95,132.73, 10004,429.148,2018/08/11 02:12:20
3602714595,-1.172,451.414,720.96,304.43,-5263.95,132.73, 10004,429.148,2018/08/11 02:12:21
3602714596,-1.117,451.466,720.83,304.44,-5263.95,132.73, 10004,429.148,2018/08/11 02:12:22
3602714597,-1.077,451.510,720.89,304.44,-5263.95,132.73, 10004,429.148,2018/08/11 02:12:23
3602714598,-1.153,451.430,720.89,304.45,-5263.16,132.73, 10004,429.148,2018/08/11 02:12:24
3602714599,-1.102,451.481,720.83,304.46,-5263.95,132.73, 10004,429.148,2018/08/11 02:12:25
3602714600,-1.127,451.458,720.96,304.46,-5263.16,132.72, 10004,429.148,2018/08/11 02:12:26
3602714601,-1.119,451.464,720.89,304.46,-5263.95,132.72, 10004,429.148,2018/08/11 02:12:27
3602714602,-1.106,451.476,720.83,304.47,-5263.16,132.72, 10004,429.148,2018/08/11 02:12:28
3602714603,-1.128,451.455,720.89,304.47,-5263.95,132.73, 10004,429.148,2018/08/11 02:12:29
3602714604,-1.084,451.497,720.76,304.47,-5263.95,132.72, 10004,429.148,2018/08/11 02:12:30
3602714605,-1.153,451.422,720.69,304.48,-5263.95,132.72, 10004,429.148,2018/08/11 02:12:31
3602714606,-1.082,451.500,720.83,304.48,-5264.74,132.72, 10004,429.148,2018/08/11 02:12:32
3602714607,-1.147,451.430,720.83,304.50,-5264.74,132.72, 10004,429.148,2018/08/11 02:12:33
3602714608,-1.115,451.462,720.76,304.50,-5263.95,132.72, 10004,429.148,2018/08/11 02:12:34
3602714609,-1.092,451.491,720.89,304.50,-5263.95,132.72, 10004,429.148,2018/08/11 02:12:35
3602714610,-1.127,451.451,720.83,304.51,-5264.74,132.72, 10004,429.148,2018/08/11 02:12:36
3602714611,-1.042,451.540,720.83,304.51,-5264.74,132.70, 10004,429.148,2018/08/11 02:12:37
3602714612,-1.128,451.447,720.76,304.51,-5263.95,132.70, 10004,429.148,2018/08/11 02:12:38
3602714613,-1.081,451.501,720.89,304.52,-5263.95,132.72, 10004,429.148,2018/08/11 02:12:39
3602714614,-1.101,451.476,720.83,304.53,-5264.74,132.72, 10004,429.148,2018/08/11 02:12:40
3602714615,-1.148,451.432,720.96,304.53,-5264.74,132.72, 10004,429.148,2018/08/11 02:12:41
3602714616,-1.111,451.470,720.96,304.53,-5265.54,132.70, 10004,429.148,2018/08/11 02:12:42
3602714617,-1.069,451.512,720.89,304.54,-5264.74,132.70, 10004,429.148,2018/08/11 02:12:43
3602714618,-1.061,451.522,720.96,304.55,-5265.54,132.72, 10004,429.148,2018/08/11 02:12:44
3602714619,-1.150,451.425,720.89,304.55,-5264.74,132.72, 10004,429.148,2018/08/11 02:12:45
3602714620,-1.083,451.493,720.83,304.56,-5264.74,132.70, 10004,429.148,2018/08/11 02:12:47
3602714621,-1.025,451.553,720.76,304.55,-5264.74,132.70, 10004,429.148,2018/08/11 02:12:48
3602714622,-1.078,451.503,720.96,304.57,-5264.74,132.72, 10004,429.148,2018/08/11 02:12:49
3602714623,-1.083,451.495,720.89,304.57,-5264.74,132.70, 10004,429.148,2018/08/11 02:12:50
3602714624,-1.011,451.571,720.89,304.57,-5264.74,132.70, 10004,429.148,2018/08/11 02:12:51
3602714625,-1.100,451.474,720.83,304.58,-5265.54,132.70, 10004,429.148,2018/08/11 02:12:52
3602714627,-1.085,451.489,720.83,304.59,-5264.74,132.70, 10004,429.148,2018/08/11 02:12:53
3602714628,-1.101,451.475,720.89,304.59,-5265.54,132.69, 10004,429.148,2018/08/11 02:12:54
3602714629,-1.086,451.489,720.89,304.59,-5265.54,132.69, 10004,429.148,2018/08/11 02:12:55
3602714630,-1.050,451.527,720.89,304.60,-5265.54,132.70, 10004,429.148,2018/08/11 02:12:56
3602714631,-.988,451.591,720.83,304.61,-5265.54,132.70, 10004,429.148,2018/08/11 02:12:57
3602714632,-1.147,451.422,720.83,304.61,-5265.54,132.70, 10004,429.148,2018/08/11 02:12:58
3602714633,-1.000,451.580,720.89,304.61,-5264.74,132.69, 10004,429.148,2018/08/11 02:12:59
3602714634,-1.039,451.536,720.83,304.62,-5265.54,132.69, 10004,429.148,2018/08/11 02:13:00
3602714635,-1.045,451.529,720.83,304.62,-5264.74,132.69, 10004,429.148,2018/08/11 02:13:01
3602714636,-1.014,451.562,720.83,304.63,-5264.74,132.70, 10004,429.148,2018/08/11 02:13:02
3602714637,-1.062,451.513,720.89,304.63,-5265.54,132.69, 10004,429.148,2018/08/11 02:13:03
3602714638,-1.075,451.497,720.83,304.63,-5265.54,132.70, 10004,429.148,2018/08/11 02:13:04
3602714639,-1.054,451.519,720.83,304.64,-5266.33,132.69, 10004,429.148,2018/08/11 02:13:05
3602714640,-1.044,451.526,720.76,304.65,-5266.33,132.69, 10004,429.148,2018/08/11 02:13:06
3602714641,-1.089,451.481,720.83,304.65,-5266.33,132.69, 10004,429.148,2018/08/11 02:13:07
3602714642,-1.033,451.537,720.76,304.66,-5266.33,132.69, 10004,429.148,2018/08/11 02:13:08
3602714643,-1.031,451.537,720.69,304.66,-5265.54,132.68, 10004,429.148,2018/08/11 02:13:09
3602714644,-.980,451.593,720.76,304.66,-5266.33,132.68, 10004,429.148,2018/08/11 02:13:10
3602714645,-.983,451.589,720.76,304.67,-5265.54,132.69, 10004,429.148,2018/08/11 02:13:11
3602714646,-1.009,451.559,720.69,304.67,-5265.54,132.69, 10004,429.148,2018/08/11 02:13:12
3602714647,-1.050,451.516,720.69,304.68,-5265.54,132.69, 10004,429.148,2018/08/11 02:13:13
3602714648,-.993,451.577,720.76,304.69,-5266.33,132.69, 10004,429.148,2018/08/11 02:13:14
3602714649,-1.014,451.553,720.69,304.69,-5266.33,132.68, 10004,429.148,2018/08/11 02:13:15
3602714650,-1.035,451.534,720.83,304.69,-5265.54,132.68, 10004,429.148,2018/08/11 02:13:16
3602714651,-1.009,451.561,720.83,304.70,-5267.12,132.68, 10004,429.148,2018/08/11 02:13:17
3602714652,-1.019,451.550,720.83,304.70,-5266.33,132.68, 10004,429.148,2018/08/11 02:13:18
3602714653,-1.011,451.557,720.76,304.70,-5267.12,132.68, 10004,429.148,2018/08/11 02:13:19
3602714654,-1.005,451.565,720.83,304.71,-5266.33,132.69, 10004,429.148,2018/08/11 02:13:20
3602714655,-.957,451.615,720.83,304.72,-5266.33,132.68, 10004,429.148,2018/08/11 02:13:21
3602714656,-.955,451.616,720.83,304.72,-5266.33,132.68, 10004,429.148,2018/08/11 02:13:22
3602714657,-.962,451.609,720.83,304.72,-5266.33,132.69, 10004,429.148,2018/08/11 02:13:23
3602714658,-.991,451.578,720.83,304.73,-5266.33,132.68, 10004,429.148,2018/08/11 02:13:24
3602714659,-1.031,451.535,720.83,304.74,-5266.33,132.67, 10004,429.148,2018/08/11 02:13:25
3602714660,-.913,451.658,720.76,304.74,-5267.12,132.67, 10004,429.148,2018/08/11 02:13:26
3602714661,-.962,451.606,720.76,304.74,-5266.33,132.68, 10004,429.148,2018/08/11 02:13:27
3602714662,-.965,451.602,720.76,304.74,-5266.33,132.68, 10004,429.148,2018/08/11 02:13:28
3602714663,-.986,451.586,720.96,304.75,-5267.12,132.69, 10004,429.148,2018/08/11 02:13:29
3602714664,-1.009,451.557,720.83,304.76,-5267.12,132.68, 10004,429.148,2018/08/11 02:13:30
3602714665,-.980,451.587,720.83,304.76,-5266.33,132.67, 10004,429.148,2018/08/11 02:13:31
3602714666,-1.038,451.524,720.76,304.76,-5267.12,132.68, 10004,429.148,2018/08/11 02:13:32
3602714667,-1.098,451.462,720.83,304.77,-5267.12,132.68, 10004,429.148,2018/08/11 02:13:33
3602714668,-1.066,451.498,720.89,304.77,-5267.12,132.67, 10004,429.148,2018/08/11 02:13:34
3602714669,-1.034,451.526,720.76,304.78,-5267.91,132.67, 10004,429.148,2018/08/11 02:13:35
3602714670,-1.029,451.535,720.83,304.78,-5267.12,132.67, 10004,429.148,2018/08/11 02:13:36
3602714671,-1.121,451.439,720.89,304.79,-5267.91,132.67, 10004,429.148,2018/08/11 02:13:37
3602714672,-1.105,451.453,720.83,304.80,-5267.91,132.67, 10004,429.148,2018/08/11 02:13:38
3602714673,-1.060,451.500,720.83,304.80,-5267.91,132.67, 10004,429.148,2018/08/11 02:13:39
3602714674,-1.044,451.516,720.83,304.81,-5268.71,132.67, 10004,429.148,2018/08/11 02:13:40
3602714675,-1.030,451.533,720.89,304.81,-5268.71,132.67, 10004,429.148,2018/08/11 02:13:41
3602714676,-1.051,451.509,720.83,304.81,-5267.91,132.67, 10004,429.148,2018/08/11 02:13:42
3602714677,-1.052,451.510,720.89,304.82,-5267.91,132.66, 10004,429.148,2018/08/11 02:13:43
3602714678,-1.066,451.490,720.76,304.83,-5268.71,132.67, 10004,429.148,2018/08/11 02:13:44
3602714679,-1.042,451.516,720.76,304.83,-5267.91,132.67, 10004,429.148,2018/08/11 02:13:45
3602714680,-1.037,451.522,720.83,304.83,-5268.71,132.67, 10004,429.148,2018/08/11 02:13:46
3602714681,-1.134,451.419,720.83,304.84,-5268.71,132.66, 10004,429.148,2018/08/11 02:13:47
3602714682,-1.084,451.474,720.89,304.84,-5268.71,132.67, 10004,429.148,2018/08/11 02:13:48
3602714683,-1.115,451.440,720.89,304.85,-5268.71,132.67, 10004,429.148,2018/08/11 02:13:49
3602714684,-1.085,451.472,720.89,304.85,-5269.50,132.67, 10004,429.148,2018/08/11 02:13:50
3602714685,-1.045,451.513,720.89,304.86,-5269.50,132.66, 10004,429.148,2018/08/11 02:13:52
3602714686,-1.072,451.487,720.96,304.87,-5268.71,132.66, 10004,429.148,2018/08/11 02:13:53
3602714687,-1.056,451.502,720.89,304.87,-5268.71,132.66, 10004,429.148,2018/08/11 02:13:54
3602714688,-1.056,451.501,720.89,304.87,-5269.50,132.66, 10004,429.148,2018/08/11 02:13:55
3602714689,-1.084,451.472,720.89,304.87,-5268.71,132.66, 10004,429.148,2018/08/11 02:13:56
3602714691,-1.065,451.491,720.89,304.88,-5268.71,132.66, 10004,429.148,2018/08/11 02:13:57
3602714692,-1.031,451.527,720.89,304.89,-5268.71,132.66, 10004,429.148,2018/08/11 02:13:58
3602714693,-1.049,451.509,720.96,304.89,-5268.71,132.65, 10004,429.148,2018/08/11 02:13:59
3602714694,-1.045,451.511,720.89,304.89,-5268.71,132.65, 10004,429.148,2018/08/11 02:14:00
3602714695,-1.098,451.457,720.96,304.90,-5268.71,132.65, 10004,429.148,2018/08/11 02:14:01
3602714696,-.997,451.563,720.96,304.91,-5268.71,132.66, 10004,429.148,2018/08/11 02:14:02
3602714697,-.957,451.605,720.96,304.91,-5268.71,132.66, 10004,429.148,2018/08/11 02:14:03
3602714698,-.980,451.582,721.02,304.91,-5268.71,132.66, 10004,429.148,2018/08/11 02:14:04
3602714699,-.983,451.577,720.96,304.91,-5268.71,132.66, 10004,429.148,2018/08/11 02:14:05
3602714700,-.989,451.571,720.96,304.92,-5267.91,132.65, 10004,429.148,2018/08/11 02:14:06
3602714701,-1.011,451.546,720.96,304.93,-5267.91,132.65, 10004,429.148,2018/08/11 02:14:07
3602714702,-.910,451.653,720.96,304.93,-5267.91,132.65, 10004,429.148,2018/08/11 02:14:08
3602714703,-.879,451.681,720.83,304.93,-5267.91,132.65, 10004,429.148,2018/08/11 02:14:09
3602714704,-.972,451.586,720.96,304.94,-5267.91,132.65, 10004,429.148,2018/08/11 02:14:10
3602714705,-.920,451.639,720.89,304.95,-5267.91,132.65, 10004,429.148,2018/08/11 02:14:11
3602714706,-.877,451.683,720.89,304.95,-5268.71,132.65, 10004,429.148,2018/08/11 02:14:12
3602714707,-1.028,451.526,720.96,304.96,-5268.71,132.65, 10004,429.148,2018/08/11 02:14:13
3602714708,-.921,451.639,720.96,304.96,-5267.91,132.65, 10004,429.148,2018/08/11 02:14:14
3602714709,-.905,451.654,720.89,304.97,-5268.71,132.66, 10004,429.148,2018/08/11 02:14:15
3602714710,-.916,451.644,720.96,304.97,-5268.71,132.64, 10004,429.148,2018/08/11 02:14:16
3602714711,-.977,451.579,720.96,304.98,-5267.91,132.65, 10004,429.148,2018/08/11 02:14:17
3602714712,-.930,451.630,721.02,304.98,-5267.12,132.65, 10004,429.148,2018/08/11 02:14:18
3602714713,-.873,451.688,720.96,304.98,-5267.91,132.65, 10004,429.148,2018/08/11 02:14:19
3602714714,-.917,451.641,720.96,304.99,-5267.91,132.65, 10004,429.148,2018/08/11 02:14:20
3602714715,-.894,451.665,720.96,305.00,-5267.91,132.65, 10004,429.148,2018/08/11 02:14:21
3602714716,-.896,451.660,720.89,305.00,-5267.91,132.65, 10004,429.148,2018/08/11 02:14:22
3602714717,-.893,451.665,720.96,305.00,-5267.91,132.65, 10004,429.148,2018/08/11 02:14:23
3602714718,-.860,451.697,720.89,305.01,-5268.71,132.65, 10004,429.148,2018/08/11 02:14:24
3602714719,-.824,451.738,720.96,305.01,-5268.71,132.65, 10004,429.148,2018/08/11 02:14:25
3602714720,-.922,451.632,720.89,305.02,-5267.91,132.65, 10004,429.148,2018/08/11 02:14:26
3602714721,-.863,451.693,720.89,305.02,-5267.91,132.66, 10004,429.148,2018/08/11 02:14:27
3602714722,-.876,451.679,720.89,305.02,-5267.91,132.65, 10004,429.148,2018/08/11 02:14:28
3602714723,-.903,451.653,720.96,305.03,-5267.91,132.65, 10004,429.148,2018/08/11 02:14:29
3602714724,-.875,451.683,720.96,305.03,-5268.71,132.64, 10004,429.148,2018/08/11 02:14:30
3602714725,-.888,451.662,720.76,305.04,-5267.91,132.64, 10004,429.148,2018/08/11 02:14:31
3602714726,-.867,451.690,720.96,305.04,-5268.71,132.64, 10004,429.148,2018/08/11 02:14:32
3602714727,-.949,451.603,720.96,305.05,-5268.71,132.64, 10004,429.148,2018/08/11 02:14:33
3602714728,-.898,451.654,720.89,305.06,-5268.71,132.64, 10004,429.148,2018/08/11 02:14:34
3602714729,-.917,451.634,720.89,305.06,-5268.71,132.64, 10004,429.148,2018/08/11 02:14:35
3602714730,-.873,451.680,720.89,305.06,-5268.71,132.64, 10004,429.148,2018/08/11 02:14:36
3602714731,-.844,451.712,720.96,305.07,-5267.91,132.64, 10004,429.148,2018/08/11 02:14:37
3602714732,-.898,451.655,720.96,305.07,-5268.71,132.65, 10004,429.148,2018/08/11 02:14:38
3602714733,-.810,451.743,720.83,305.08,-5267.91,132.65, 10004,429.148,2018/08/11 02:14:39
3602714734,-.845,451.704,720.76,305.08,-5267.91,132.64, 10004,429.148,2018/08/11 02:14:40
3602714735,-.868,451.683,720.89,305.08,-5267.91,132.64, 10004,429.148,2018/08/11 02:14:41
3602714736,-.854,451.698,720.89,305.09,-5268.71,132.63, 10004,429.148,2018/08/11 02:14:42
3602714737,-.844,451.708,720.89,305.10,-5268.71,132.63, 10004,429.148,2018/08/11 02:14:43
3602714738,-.862,451.689,720.89,305.10,-5268.71,132.64, 10004,429.148,2018/08/11 02:14:44
3602714739,-.853,451.697,720.89,305.11,-5269.50,132.64, 10004,429.148,2018/08/11 02:14:45
3602714740,-.890,451.660,720.96,305.11,-5269.50,132.63, 10004,429.148,2018/08/11 02:14:46
3602714741,-.847,451.706,720.96,305.12,-5268.71,132.64, 10004,429.148,2018/08/11 02:14:47
3602714742,-.847,451.706,720.96,305.12,-5268.71,132.64, 10004,429.148,2018/08/11 02:14:48
3602714743,-.847,451.705,720.96,305.13,-5268.71,132.63, 10004,429.148,2018/08/11 02:14:49
3602714744,-.833,451.717,720.89,305.13,-5268.71,132.63, 10004,429.148,2018/08/11 02:14:50
3602714745,-.786,451.764,720.83,305.14,-5268.71,132.63, 10004,429.148,2018/08/11 02:14:51
3602714746,-.844,451.707,720.96,305.14,-5268.71,132.63, 10004,429.148,2018/08/11 02:14:52
3602714747,-.875,451.673,720.89,305.14,-5268.71,132.63, 10004,429.148,2018/08/11 02:14:53
3602714748,-.887,451.662,720.96,305.15,-5268.71,132.63, 10004,429.148,2018/08/11 02:14:54
3602714749,-.906,451.641,720.96,305.15,-5269.50,132.63, 10004,429.148,2018/08/11 02:14:55
3602714750,-.875,451.673,720.96,305.15,-5269.50,132.63, 10004,429.148,2018/08/11 02:14:57
3602714751,-.830,451.720,720.96,305.17,-5264.74,132.63, 10004,429.148,2018/08/11 02:14:58
3602714753,-.900,451.644,720.89,305.17,-5268.71,132.63, 10004,429.148,2018/08/11 02:14:59
3602714754,-.827,451.722,720.96,305.17,-5268.71,132.63, 10004,429.148,2018/08/11 02:15:00
3602714755,-.914,451.630,720.96,305.17,-5268.71,132.63, 10004,429.148,2018/08/11 02:15:01
3602714756,-.866,451.677,720.83,305.18,-5267.91,132.63, 10004,429.148,2018/08/11 02:15:02
3602714757,-.807,451.743,720.96,305.19,-5267.91,132.63, 10004,429.148,2018/08/11 02:15:03
3602714758,-.869,451.677,720.96,305.19,-5267.91,132.63, 10004,429.148,2018/08/11 02:15:04
3602714759,-.798,451.749,720.89,305.19,-5267.91,132.63, 10004,429.148,2018/08/11 02:15:05
3602714760,-.785,451.765,720.96,305.19,-5267.91,132.63, 10004,429.148,2018/08/11 02:15:06
3602714761,-.789,451.758,720.89,305.20,-5267.91,132.63, 10004,429.148,2018/08/11 02:15:07
3602714762,-.750,451.799,720.89,305.21,-5267.91,132.61, 10004,429.148,2018/08/11 02:15:08
3602714763,-.772,451.773,720.83,305.21,-5268.71,132.63, 10004,429.148,2018/08/11 02:15:09
3602714764,-.805,451.743,720.96,305.21,-5267.91,132.63, 10004,429.148,2018/08/11 02:15:10
3602714765,-.800,451.746,720.89,305.22,-5268.71,132.63, 10004,429.148,2018/08/11 02:15:11
3602714766,-.736,451.814,720.96,305.23,-5268.71,132.63, 10004,429.148,2018/08/11 02:15:12
3602714767,-.823,451.720,720.89,305.23,-5268.71,132.61, 10004,429.148,2018/08/11 02:15:13
3602714768,-.783,451.761,720.89,305.24,-5268.71,132.61, 10004,429.148,2018/08/11 02:15:14
3602714769,-.826,451.717,720.89,305.24,-5267.91,132.63, 10004,429.148,2018/08/11 02:15:15
3602714770,-.813,451.730,720.89,305.24,-5267.91,132.63, 10004,429.148,2018/08/11 02:15:16
3602714771,-.828,451.715,720.96,305.25,-5268.71,132.61, 10004,429.148,2018/08/11 02:15:17
3602714772,-.744,451.802,720.89,305.25,-5267.91,132.61, 10004,429.148,2018/08/11 02:15:18
3602714773,-.858,451.681,720.89,305.26,-5268.71,132.63, 10004,429.148,2018/08/11 02:15:19
3602714774,-.814,451.729,720.96,305.26,-5268.71,132.60, 10004,429.148,2018/08/11 02:15:20
3602714775,-.888,451.651,720.96,305.26,-5268.71,132.61, 10004,429.148,2018/08/11 02:15:21
3602714776,-.874,451.666,720.96,305.27,-5270.29,132.61, 10004,429.148,2018/08/11 02:15:22
3602714777,-.822,451.718,720.89,305.27,-5268.71,132.61, 10004,429.148,2018/08/11 02:15:23
3602714778,-.807,451.733,720.89,305.29,-5269.50,132.61, 10004,429.148,2018/08/11 02:15:24
3602714779,-.793,451.748,720.89,305.29,-5268.71,132.61, 10004,429.148,2018/08/11 02:15:25
3602714780,-.804,451.736,720.89,305.29,-5268.71,132.61, 10004,429.148,2018/08/11 02:15:26
3602714781,-.817,451.722,720.89,305.30,-5268.71,132.61, 10004,429.148,2018/08/11 02:15:27
3602714782,-.842,451.695,720.89,305.30,-5268.71,132.61, 10004,429.148,2018/08/11 02:15:28
3602714783,-.869,451.666,720.89,305.31,-5269.50,132.63, 10004,429.148,2018/08/11 02:15:29
3602714784,-.842,451.695,720.89,305.31,-5269.50,132.61, 10004,429.148,2018/08/11 02:15:30
3602714785,-.812,451.727,720.96,305.32,-5269.50,132.61, 10004,429.148,2018/08/11 02:15:31
3602714786,-.861,451.674,720.89,305.32,-5269.50,132.61, 10004,429.148,2018/08/11 02:15:32
3602714787,-.830,451.706,720.89,305.32,-5269.50,132.61, 10004,429.148,2018/08/11 02:15:33
3602714788,-.839,451.696,720.89,305.33,-5269.50,132.61, 10004,429.148,2018/08/11 02:15:34
3602714789,-.831,451.704,720.89,305.33,-5269.50,132.61, 10004,429.148,2018/08/11 02:15:35
3602714790,-.878,451.654,720.89,305.34,-5269.50,132.61, 10004,429.148,2018/08/11 02:15:36
3602714791,-.817,451.718,720.89,305.34,-5270.29,132.60, 10004,429.148,2018/08/11 02:15:37
3602714792,-.869,451.663,720.89,305.34,-5269.50,132.61, 10004,429.148,2018/08/11 02:15:38
3602714793,-.844,451.689,720.89,305.36,-5269.50,132.60, 10004,429.148,2018/08/11 02:15:39
3602714794,-.868,451.664,720.89,305.36,-5269.50,132.60, 10004,429.148,2018/08/11 02:15:40
3602714795,-.838,451.694,720.89,305.36,-5270.29,132.60, 10004,429.148,2018/08/11 02:15:41
3602714796,-.875,451.655,720.89,305.36,-5270.29,132.60, 10004,429.148,2018/08/11 02:15:42
3602714797,-.794,451.743,720.96,305.36,-5270.29,132.60, 10004,429.148,2018/08/11 02:15:43
3602714798,-.874,451.656,720.89,305.38,-5270.29,132.60, 10004,429.148,2018/08/11 02:15:44
3602714799,-.798,451.734,720.83,305.38,-5270.29,132.60, 10004,429.148,2018/08/11 02:15:45
3602714800,-.861,451.669,720.89,305.38,-5270.29,132.60, 10004,429.148,2018/08/11 02:15:46
3602714801,-.857,451.673,720.89,305.39,-5270.29,132.60, 10004,429.148,2018/08/11 02:15:47
3602714802,-.794,451.739,720.89,305.39,-5270.29,132.60, 10004,429.148,2018/08/11 02:15:48
3602714803,-.830,451.700,720.89,305.40,-5270.29,132.60, 10004,429.148,2018/08/11 02:15:49
3602714804,-.848,451.681,720.89,305.40,-5270.29,132.60, 10004,429.148,2018/08/11 02:15:50
3602714805,-.844,451.685,720.89,305.41,-5270.29,132.60, 10004,429.148,2018/08/11 02:15:51
3602714806,-.868,451.660,720.89,305.41,-5270.29,132.60, 10004,429.148,2018/08/11 02:15:52
3602714807,-.870,451.655,720.83,305.42,-5270.29,132.60, 10004,429.148,2018/08/11 02:15:53
3602714808,-.809,451.721,720.89,305.42,-5271.08,132.60, 10004,429.148,2018/08/11 02:15:54
3602714809,-.913,451.611,720.89,305.42,-5270.29,132.61, 10004,429.148,2018/08/11 02:15:55
3602714810,-.890,451.635,720.89,305.42,-5270.29,132.60, 10004,429.148,2018/08/11 02:15:56
3602714811,-.787,451.741,720.83,305.43,-5271.08,132.60, 10004,429.148,2018/08/11 02:15:57
3602714812,-.827,451.699,720.83,305.44,-5270.29,132.59, 10004,429.148,2018/08/11 02:15:58
3602714813,-.788,451.740,720.83,305.45,-5270.29,132.60, 10004,429.148,2018/08/11 02:16:00
3602714814,-.779,451.750,720.89,305.45,-5270.29,132.59, 10004,429.148,2018/08/11 02:16:01
3602714815,-.841,451.683,720.83,305.45,-5270.29,132.60, 10004,429.148,2018/08/11 02:16:02
3602714816,-.835,451.687,720.76,305.45,-5270.29,132.60, 10004,429.148,2018/08/11 02:16:03
3602714818,-.837,451.684,720.76,305.47,-5270.29,132.60, 10004,429.148,2018/08/11 02:16:04
3602714818,-.796,451.729,720.83,305.47,-5271.08,132.60, 10004,429.148,2018/08/11 02:16:05
3602714820,-.814,451.712,720.89,305.47,-5270.29,132.60, 10004,429.148,2018/08/11 02:16:06
3602714821,-.862,451.662,720.89,305.47,-5271.08,132.60, 10004,429.148,2018/08/11 02:16:07
3602714822,-.859,451.665,720.89,305.47,-5271.08,132.59, 10004,429.148,2018/08/11 02:16:08
3602714823,-.827,451.696,720.83,305.49,-5271.08,132.59, 10004,429.148,2018/08/11 02:16:09
3602714824,-.799,451.724,720.83,305.49,-5271.08,132.60, 10004,429.148,2018/08/11 02:16:10
3602714825,-.829,451.694,720.89,305.49,-5271.08,132.59, 10004,429.148,2018/08/11 02:16:11
3602714826,-.832,451.689,720.83,305.49,-5271.08,132.59, 10004,429.148,2018/08/11 02:16:12
3602714827,-.809,451.712,720.83,305.51,-5271.08,132.59, 10004,429.148,2018/08/11 02:16:13
3602714828,-.766,451.756,720.76,305.51,-5271.08,132.59, 10004,429.148,2018/08/11 02:16:14
3602714829,-.801,451.720,720.83,305.51,-5270.29,132.58, 10004,429.148,2018/08/11 02:16:15
3602714830,-.829,451.693,720.89,305.51,-5271.08,132.59, 10004,429.148,2018/08/11 02:16:16
3602714831,-.837,451.684,720.89,305.52,-5271.08,132.58, 10004,429.148,2018/08/11 02:16:17
3602714832,-.878,451.637,720.76,305.52,-5271.88,132.58, 10004,429.148,2018/08/11 02:16:18
3602714833,-.827,451.694,720.89,305.53,-5271.08,132.58, 10004,429.148,2018/08/11 02:16:19
3602714834,-.810,451.713,720.96,305.53,-5271.88,132.59, 10004,429.148,2018/08/11 02:16:20
3602714835,-.804,451.718,720.89,305.53,-5271.88,132.59, 10004,429.148,2018/08/11 02:16:21
3602714836,-.857,451.661,720.89,305.54,-5271.08,132.58, 10004,429.148,2018/08/11 02:16:22
3602714837,-.836,451.684,720.89,305.54,-5271.08,132.58, 10004,429.148,2018/08/11 02:16:23
3602714838,-.880,451.637,720.89,305.55,-5271.08,132.58, 10004,429.148,2018/08/11 02:16:24
3602714839,-.873,451.641,720.83,305.55,-5271.08,132.58, 10004,429.148,2018/08/11 02:16:25
3602714840,-.861,451.655,720.89,305.56,-5271.08,132.58, 10004,429.148,2018/08/11 02:16:26
3602714841,-.880,451.636,720.89,305.56,-5271.88,132.58, 10004,429.148,2018/08/11 02:16:27
3602714842,-.854,451.663,720.89,305.57,-5271.88,132.58, 10004,429.148,2018/08/11 02:16:28
3602714843,-.863,451.653,720.89,305.57,-5271.88,132.58, 10004,429.148,2018/08/11 02:16:29
3602714844,-.853,451.667,721.02,305.58,-5271.88,132.57, 10004,429.148,2018/08/11 02:16:30
3602714845,-.864,451.652,720.89,305.58,-5271.88,132.59, 10004,429.148,2018/08/11 02:16:31
3602714846,-.891,451.625,720.96,305.58,-5271.88,132.58, 10004,429.148,2018/08/11 02:16:32
3602714847,-.788,451.733,720.96,305.59,-5271.08,132.58, 10004,429.148,2018/08/11 02:16:33
3602714848,-.805,451.714,720.96,305.60,-5271.08,132.58, 10004,429.148,2018/08/11 02:16:34
3602714849,-.748,451.772,720.89,305.60,-5271.88,132.58, 10004,429.148,2018/08/11 02:16:35
3602714850,-.789,451.730,720.96,305.60,-5271.88,132.57, 10004,429.148,2018/08/11 02:16:36
3602714851,-.809,451.709,720.96,305.61,-5271.88,132.58, 10004,429.148,2018/08/11 02:16:37
3602714852,-.769,451.753,721.02,305.62,-5271.08,132.58, 10004,429.148,2018/08/11 02:16:38
3602714853,-.806,451.711,720.96,305.62,-5271.08,132.58, 10004,429.148,2018/08/11 02:16:39
3602714854,-.773,451.746,720.96,305.62,-5271.88,132.58, 10004,429.148,2018/08/11 02:16:40
3602714855,-.828,451.688,720.96,305.62,-5271.08,132.58, 10004,429.148,2018/08/11 02:16:41
3602714856,-.834,451.682,720.96,305.63,-5271.88,132.59, 10004,429.148,2018/08/11 02:16:42
3602714857,-.734,451.786,720.96,305.64,-5271.08,132.58, 10004,429.148,2018/08/11 02:16:43
3602714858,-.771,451.749,721.02,305.64,-5271.88,132.58, 10004,429.148,2018/08/11 02:16:44
3602714859,-.761,451.757,720.96,305.65,-5271.08,132.58, 10004,429.148,2018/08/11 02:16:45
3602714860,-.763,451.753,720.89,305.65,-5271.08,132.57, 10004,429.148,2018/08/11 02:16:46
3602714861,-.674,451.846,720.89,305.65,-5271.08,132.57, 10004,429.148,2018/08/11 02:16:47
3602714862,-.778,451.737,720.89,305.65,-5271.08,132.58, 10004,429.148,2018/08/11 02:16:48
3602714863,-.757,451.762,721.02,305.66,-5271.88,132.57, 10004,429.148,2018/08/11 02:16:49
3602714864,-.784,451.731,720.96,305.67,-5271.88,132.57, 10004,429.148,2018/08/11 02:16:50
3602714865,-.714,451.805,720.96,305.67,-5271.88,132.58, 10004,429.148,2018/08/11 02:16:51
3602714866,-.799,451.713,720.89,305.67,-5271.88,132.58, 10004,429.148,2018/08/11 02:16:52
3602714867,-.773,451.739,720.89,305.68,-5271.08,132.57, 10004,429.148,2018/08/11 02:16:53
3602714868,-.733,451.781,720.89,305.68,-5271.08,132.58, 10004,429.148,2018/08/11 02:16:54
3602714869,-.742,451.774,720.96,305.68,-5271.08,132.58, 10004,429.148,2018/08/11 02:16:55
3602714870,-.799,451.714,720.96,305.69,-5271.08,132.57, 10004,429.148,2018/08/11 02:16:56
3602714871,-.701,451.814,720.89,305.70,-5271.88,132.57, 10004,429.148,2018/08/11 02:16:57
3602714872,-.807,451.704,720.96,305.70,-5271.88,132.58, 10004,429.148,2018/08/11 02:16:58
3602714873,-.750,451.759,720.83,305.71,-5271.88,132.58, 10004,429.148,2018/08/11 02:16:59
3602714874,-.703,451.813,720.96,305.71,-5271.88,132.57, 10004,429.148,2018/08/11 02:17:00
3602714875,-.790,451.719,720.89,305.71,-5271.88,132.57, 10004,429.148,2018/08/11 02:17:01
3602714876,-.804,451.702,720.83,305.72,-5272.67,132.57, 10004,429.148,2018/08/11 02:17:02
3602714877,-.792,451.718,720.96,305.72,-5271.88,132.57, 10004,429.148,2018/08/11 02:17:03
3602714878,-.798,451.710,720.89,305.72,-5272.67,132.57, 10004,429.148,2018/08/11 02:17:05
3602714879,-.794,451.716,720.96,305.73,-5271.88,132.57, 10004,429.148,2018/08/11 02:17:06
3602714881,-.748,451.764,720.96,305.74,-5248.10,132.57, 10004,429.148,2018/08/11 02:17:07
3602714882,-.726,451.787,720.96,305.74,-5271.88,132.56, 10004,429.148,2018/08/11 02:17:08
3602714883,-.762,451.746,720.89,305.75,-5271.88,132.57, 10004,429.148,2018/08/11 02:17:09
3602714884,-.784,451.724,720.96,305.75,-5272.67,132.57, 10004,429.148,2018/08/11 02:17:10
3602714885,-.753,451.757,720.96,305.76,-5272.67,132.57, 10004,429.148,2018/08/11 02:17:11
3602714886,-.761,451.747,720.89,305.76,-5272.67,132.57, 10004,429.148,2018/08/11 02:17:12
3602714887,-.770,451.737,720.89,305.77,-5271.88,132.57, 10004,429.148,2018/08/11 02:17:13
3602714888,-.798,451.709,720.96,305.77,-5271.88,132.56, 10004,429.148,2018/08/11 02:17:14
3602714889,-.808,451.696,720.89,305.77,-5271.88,132.56, 10004,429.148,2018/08/11 02:17:15
3602714890,-.722,451.788,720.96,305.78,-5271.88,132.57, 10004,429.148,2018/08/11 02:17:16
3602714891,-.806,451.699,720.96,305.79,-5271.88,132.56, 10004,429.148,2018/08/11 02:17:17
3602714892,-.825,451.677,720.89,305.79,-5271.88,132.56, 10004,429.148,2018/08/11 02:17:18
3602714893,-.763,451.739,720.83,305.79,-5271.88,132.56, 10004,429.148,2018/08/11 02:17:19
3602714894,-.761,451.743,720.89,305.80,-5271.88,132.57, 10004,429.148,2018/08/11 02:17:20
3602714895,-.794,451.709,720.89,305.80,-5272.67,132.57, 10004,429.148,2018/08/11 02:17:21
3602714896,-.779,451.725,720.89,305.81,-5271.88,132.56, 10004,429.148,2018/08/11 02:17:22
3602714897,-.732,451.770,720.83,305.81,-5272.67,132.56, 10004,429.148,2018/08/11 02:17:23
3602714898,-.752,451.752,720.89,305.81,-5272.67,132.56, 10004,429.148,2018/08/11 02:17:24
3602714899,-.759,451.744,720.89,305.82,-5272.67,132.55, 10004,429.148,2018/08/11 02:17:25
3602714900,-.763,451.740,720.89,305.82,-5272.67,132.56, 10004,429.148,2018/08/11 02:17:26
3602714901,-.721,451.783,720.89,305.83,-5271.88,132.57, 10004,429.148,2018/08/11 02:17:27
3602714902,-.740,451.763,720.89,305.83,-5271.88,132.56, 10004,429.148,2018/08/11 02:17:28
3602714903,-.725,451.779,720.89,305.83,-5272.67,132.55, 10004,429.148,2018/08/11 02:17:29
3602714904,-.756,451.744,720.83,305.84,-5273.46,132.55, 10004,429.148,2018/08/11 02:17:30
3602714905,-.797,451.700,720.83,305.85,-5272.67,132.55, 10004,429.148,2018/08/11 02:17:31
3602714906,-.804,451.692,720.83,305.85,-5273.46,132.56, 10004,429.148,2018/08/11 02:17:32
3602714907,-.726,451.776,720.89,305.85,-5272.67,132.56, 10004,429.148,2018/08/11 02:17:33
3602714908,-.694,451.807,720.83,305.86,-5273.46,132.56, 10004,429.148,2018/08/11 02:17:34
3602714909,-.788,451.709,720.83,305.86,-5273.46,132.55, 10004,429.148,2018/08/11 02:17:35
3602714910,-.729,451.768,720.76,305.87,-5273.46,132.56, 10004,429.148,2018/08/11 02:17:36
3602714911,-.796,451.697,720.76,305.87,-5272.67,132.55, 10004,429.148,2018/08/11 02:17:37
3602714912,-.783,451.712,720.83,305.88,-5272.67,132.55, 10004,429.148,2018/08/11 02:17:38
3602714913,-.704,451.793,720.76,305.87,-5272.67,132.55, 10004,429.148,2018/08/11 02:17:39
3602714914,-.794,451.703,720.89,305.88,-5272.67,132.56, 10004,429.148,2018/08/11 02:17:40
3602714915,-.713,451.786,720.83,305.89,-5273.46,132.55, 10004,429.148,2018/08/11 02:17:41
3602714916,-.746,451.752,720.89,305.89,-5272.67,132.55, 10004,429.148,2018/08/11 02:17:42
3602714917,-.697,451.801,720.83,305.89,-5272.67,132.55, 10004,429.148,2018/08/11 02:17:43
3602714918,-.714,451.786,720.89,305.90,-5273.46,132.55, 10004,429.148,2018/08/11 02:17:44
3602714919,-.785,451.710,720.89,305.90,-5273.46,132.55, 10004,429.148,2018/08/11 02:17:45
3602714920,-.806,451.686,720.83,305.91,-5273.46,132.55, 10004,429.148,2018/08/11 02:17:47
3602714921,-.700,451.797,720.83,305.92,-5273.46,132.55, 10004,429.148,2018/08/11 02:17:48
3602714922,-.756,451.739,720.83,305.92,-5272.67,132.55, 10004,429.148,2018/08/11 02:17:49
3602714923,-.697,451.801,720.89,305.92,-5273.46,132.55, 10004,429.148,2018/08/11 02:17:50
3602714924,-.751,451.742,720.83,305.93,-5272.67,132.55, 10004,429.148,2018/08/11 02:17:51
3602714925,-.766,451.728,720.89,305.94,-5273.46,132.55, 10004,429.148,2018/08/11 02:17:52
3602714927,-.776,451.718,720.89,305.93,-5273.46,132.55, 10004,429.148,2018/08/11 02:17:53
3602714928,-.788,451.701,720.76,305.94,-5273.46,132.55, 10004,429.148,2018/08/11 02:17:54
3602714929,-.741,451.752,720.83,305.94,-5273.46,132.55, 10004,429.148,2018/08/11 02:17:55
3602714930,-.771,451.720,720.83,305.94,-5273.46,132.55, 10004,429.148,2018/08/11 02:17:56
3602714931,-.730,451.761,720.76,305.95,-5274.25,132.55, 10004,429.148,2018/08/11 02:17:57
3602714932,-.741,451.751,720.83,305.96,-5273.46,132.54, 10004,429.148,2018/08/11 02:17:58
3602714933,-.750,451.743,720.89,305.96,-5273.46,132.54, 10004,429.148,2018/08/11 02:17:59
3602714934,-.728,451.764,720.83,305.96,-5273.46,132.55, 10004,429.148,2018/08/11 02:18:00
3602714935,-.732,451.761,720.89,305.97,-5272.67,132.55, 10004,429.148,2018/08/11 02:18:01
3602714936,-.724,451.767,720.83,305.98,-5273.46,132.54, 10004,429.148,2018/08/11 02:18:02
3602714937,-.681,451.810,720.76,305.98,-5273.46,132.54, 10004,429.148,2018/08/11 02:18:03
3602714938,-.651,451.844,720.83,305.98,-5273.46,132.55, 10004,429.148,2018/08/11 02:18:04
3602714939,-.741,451.749,720.83,305.98,-5273.46,132.54, 10004,429.148,2018/08/11 02:18:05
3602714940,-.744,451.745,720.83,305.99,-5273.46,132.54, 10004,429.148,2018/08/11 02:18:06
3602714941,-.718,451.773,720.83,305.99,-5273.46,132.55, 10004,429.148,2018/08/11 02:18:07
3602714942,-.696,451.795,720.83,306.00,-5274.25,132.54, 10004,429.148,2018/08/11 02:18:08
3602714943,-.722,451.768,720.83,306.00,-5274.25,132.52, 10004,429.148,2018/08/11 02:18:09
3602714944,-.735,451.754,720.83,306.00,-5274.25,132.54, 10004,429.148,2018/08/11 02:18:10
3602714945,-.773,451.713,720.83,306.01,-5274.25,132.55, 10004,429.148,2018/08/11 02:18:11
3602714946,-.740,451.748,720.83,306.01,-5273.46,132.54, 10004,429.148,2018/08/11 02:18:12
3602714947,-.722,451.769,720.89,306.02,-5273.46,132.54, 10004,429.148,2018/08/11 02:18:13
3602714948,-.694,451.795,720.83,306.02,-5273.46,132.54, 10004,429.148,2018/08/11 02:18:14
3602714949,-.662,451.829,720.83,306.02,-5273.46,132.52, 10004,429.148,2018/08/11 02:18:15
3602714950,-.717,451.772,720.89,306.03,-5273.46,132.54, 10004,429.148,2018/08/11 02:18:16
3602714951,-.662,451.828,720.83,306.04,-5274.25,132.54, 10004,429.148,2018/08/11 02:18:17
3602714952,-.694,451.794,720.83,306.04,-5273.46,132.54, 10004,429.148,2018/08/11 02:18:18
3602714953,-.623,451.870,720.89,306.04,-5274.25,132.54, 10004,429.148,2018/08/11 02:18:19
3602714954,-.610,451.884,720.89,306.05,-5275.05,132.54, 10004,429.148,2018/08/11 02:18:20
3602714955,-.734,451.751,720.83,306.05,-5274.25,132.52, 10004,429.148,2018/08/11 02:18:21
3602714956,-.664,451.827,720.89,306.05,-5274.25,132.54, 10004,429.148,2018/08/11 02:18:22
3602714957,-.665,451.823,720.83,306.06,-5273.46,132.54, 10004,429.148,2018/08/11 02:18:23
3602714958,-.676,451.813,720.89,306.06,-5274.25,132.52, 10004,429.148,2018/08/11 02:18:24
3602714959,-.605,451.890,720.96,306.06,-5274.25,132.52, 10004,429.148,2018/08/11 02:18:25
3602714960,-.708,451.777,720.83,306.07,-5274.25,132.52, 10004,429.148,2018/08/11 02:18:26
3602714961,-.564,451.928,720.83,306.07,-5274.25,132.54, 10004,429.148,2018/08/11 02:18:27
3602714962,-.656,451.831,720.83,306.08,-5274.25,132.52, 10004,429.148,2018/08/11 02:18:28
3602714963,-.617,451.873,720.89,306.09,-5273.46,132.54, 10004,429.148,2018/08/11 02:18:29
3602714964,-.645,451.846,720.96,306.09,-5274.25,132.52, 10004,429.148,2018/08/11 02:18:30
3602714965,-.645,451.844,720.89,306.09,-5274.25,132.54, 10004,429.148,2018/08/11 02:18:31
3602714966,-.630,451.859,720.89,306.09,-5274.25,132.52, 10004,429.148,2018/08/11 02:18:32
3602714967,-.669,451.818,720.89,306.10,-5274.25,132.52, 10004,429.148,2018/08/11 02:18:33
3602714968,-.619,451.870,720.89,306.10,-5274.25,132.54, 10004,429.148,2018/08/11 02:18:34
3602714969,-.653,451.836,720.96,306.11,-5274.25,132.52, 10004,429.148,2018/08/11 02:18:35
3602714970,-.575,451.918,720.96,306.11,-5273.46,132.52, 10004,429.148,2018/08/11 02:18:36
3602714971,-.601,451.888,720.89,306.12,-5273.46,132.52, 10004,429.148,2018/08/11 02:18:37
3602714972,-.599,451.891,720.89,306.11,-5274.25,132.52, 10004,429.148,2018/08/11 02:18:38
3602714973,-.689,451.794,720.83,306.12,-5274.25,132.52, 10004,429.148,2018/08/11 02:18:39
3602714974,-.594,451.895,720.89,306.13,-5275.05,132.52, 10004,429.148,2018/08/11 02:18:40
3602714975,-.623,451.865,720.89,306.13,-5274.25,132.52, 10004,429.148,2018/08/11 02:18:41
3602714976,-.612,451.877,720.96,306.13,-5274.25,132.52, 10004,429.148,2018/08/11 02:18:42
3602714977,-.625,451.862,720.89,306.13,-5275.05,132.52, 10004,429.148,2018/08/11 02:18:43
3602714978,-.675,451.810,720.96,306.14,-5274.25,132.52, 10004,429.148,2018/08/11 02:18:44
3602714979,-.636,451.849,720.89,306.15,-5274.25,132.52, 10004,429.148,2018/08/11 02:18:45
3602714980,-.608,451.878,720.89,306.15,-5274.25,132.52, 10004,429.148,2018/08/11 02:18:46
3602714981,-.655,451.828,720.89,306.15,-5274.25,132.52, 10004,429.148,2018/08/11 02:18:47
3602714982,-.568,451.920,720.89,306.15,-5274.25,132.52, 10004,429.148,2018/08/11 02:18:48
3602714983,-.672,451.811,720.89,306.15,-5274.25,132.54, 10004,429.148,2018/08/11 02:18:49
3602714984,-.653,451.826,720.76,306.16,-5274.25,132.52, 10004,429.148,2018/08/11 02:18:50
3602714985,-.618,451.866,720.89,306.17,-5274.25,132.51, 10004,429.148,2018/08/11 02:18:52
3602714986,-.631,451.852,720.89,306.17,-5274.25,132.54, 10004,429.148,2018/08/11 02:18:53
3602714987,-.564,451.922,720.89,306.18,-5275.05,132.51, 10004,429.148,2018/08/11 02:18:54
3602714988,-.644,451.838,720.89,306.18,-5275.05,132.52, 10004,429.148,2018/08/11 02:18:55
3602714989,-.605,451.879,720.89,306.18,-5275.05,132.54, 10004,429.148,2018/08/11 02:18:56
3602714991,-.648,451.833,720.89,306.19,-5274.25,132.51, 10004,429.148,2018/08/11 02:18:57
3602714992,-.593,451.888,720.83,306.19,-5274.25,132.51, 10004,429.148,2018/08/11 02:18:58
3602714993,-.667,451.813,720.89,306.19,-5274.25,132.52, 10004,429.148,2018/08/11 02:18:59
3602714994,-.587,451.898,720.96,306.20,-5274.25,132.52, 10004,429.148,2018/08/11 02:19:00
3602714995,-.635,451.848,720.96,306.21,-5274.25,132.52, 10004,429.148,2018/08/11 02:19:01
3602714996,-.635,451.849,721.02,306.21,-5274.25,132.52, 10004,429.148,2018/08/11 02:19:02
3602714997,-.675,451.803,720.89,306.21,-5274.25,132.51, 10004,429.148,2018/08/11 02:19:03
3602714998,-.575,451.910,720.96,306.21,-5274.25,132.51, 10004,429.148,2018/08/11 02:19:04
3602714999,-.613,451.870,720.96,306.22,-5274.25,132.51, 10004,429.148,2018/08/11 02:19:05
3602715000,-.601,451.882,720.96,306.22,-5274.25,132.52, 10004,429.148,2018/08/11 02:19:06
3602715001,-.650,451.830,720.96,306.23,-5274.25,132.51, 10004,429.148,2018/08/11 02:19:07
3602715002,-.630,451.849,720.89,306.24,-5274.25,132.51, 10004,429.148,2018/08/11 02:19:08
3602715003,-.666,451.811,720.89,306.24,-5274.25,132.51, 10004,429.148,2018/08/11 02:19:09
3602715004,-.652,451.827,720.96,306.24,-5275.05,132.52, 10004,429.148,2018/08/11 02:19:10
3602715005,-.613,451.866,720.89,306.25,-5275.05,132.51, 10004,429.148,2018/08/11 02:19:11
3602715006,-.657,451.817,720.83,306.25,-5274.25,132.51, 10004,429.148,2018/08/11 02:19:12
3602715007,-.584,451.895,720.89,306.26,-5275.05,132.51, 10004,429.148,2018/08/11 02:19:13
3602715008,-.588,451.893,720.96,306.26,-5274.25,132.51, 10004,429.148,2018/08/11 02:19:14
3602715009,-.611,451.867,720.89,306.26,-5275.05,132.50, 10004,429.148,2018/08/11 02:19:15
3602715010,-.605,451.871,720.83,306.26,-5275.05,132.51, 10004,429.148,2018/08/11 02:19:16
3602715011,-.571,451.908,720.89,306.27,-5274.25,132.51, 10004,429.148,2018/08/11 02:19:17
3602715012,-.598,451.875,720.76,306.27,-5275.05,132.51, 10004,429.148,2018/08/11 02:19:18
3602715013,-.640,451.833,720.83,306.28,-5275.05,132.50, 10004,429.148,2018/08/11 02:19:19
3602715014,-.615,451.863,720.96,306.28,-5274.25,132.51, 10004,429.148,2018/08/11 02:19:20
3602715015,-.650,451.824,720.89,306.29,-5275.05,132.51, 10004,429.148,2018/08/11 02:19:21
3602715016,-.630,451.843,720.83,306.28,-5274.25,132.51, 10004,429.148,2018/08/11 02:19:22
3602715017,-.629,451.844,720.83,306.29,-5274.25,132.51, 10004,429.148,2018/08/11 02:19:23
3602715018,-.636,451.839,720.89,306.29,-5275.05,132.50, 10004,429.148,2018/08/11 02:19:24
3602715019,-.680,451.789,720.83,306.30,-5275.05,132.51, 10004,429.148,2018/08/11 02:19:25
3602715020,-.618,451.857,720.89,306.30,-5275.84,132.50, 10004,429.148,2018/08/11 02:19:26
3602715021,-.653,451.820,720.89,306.30,-5275.05,132.51, 10004,429.148,2018/08/11 02:19:27
3602715022,-.638,451.836,720.96,306.31,-5275.05,132.51, 10004,429.148,2018/08/11 02:19:28
3602715023,-.615,451.859,720.89,306.32,-5275.05,132.51, 10004,429.148,2018/08/11 02:19:29
3602715024,-.619,451.854,720.89,306.32,-5275.84,132.51, 10004,429.148,2018/08/11 02:19:30
3602715025,-.666,451.803,720.83,306.32,-5275.84,132.51, 10004,429.148,2018/08/11 02:19:31
3602715026,-.637,451.834,720.89,306.32,-5275.05,132.51, 10004,429.148,2018/08/11 02:19:32
3602715027,-.673,451.798,720.96,306.33,-5275.84,132.51, 10004,429.148,2018/08/11 02:19:33
3602715028,-.690,451.774,720.76,306.34,-5275.84,132.51, 10004,429.148,2018/08/11 02:19:34
3602715029,-.671,451.796,720.83,306.34,-5275.05,132.51, 10004,429.148,2018/08/11 02:19:35
3602715030,-.667,451.800,720.83,306.34,-5275.84,132.50, 10004,429.148,2018/08/11 02:19:36
3602715031,-.677,451.791,720.89,306.34,-5275.84,132.50, 10004,429.148,2018/08/11 02:19:37
3602715032,-.663,451.802,720.76,306.35,-5276.63,132.51, 10004,429.148,2018/08/11 02:19:38
3602715033,-.608,451.857,720.69,306.35,-5275.84,132.51, 10004,429.148,2018/08/11 02:19:39
3602715034,-.653,451.814,720.83,306.36,-5276.63,132.51, 10004,429.148,2018/08/11 02:19:40
3602715035,-.725,451.739,720.89,306.36,-5275.84,132.50, 10004,429.148,2018/08/11 02:19:41
3602715036,-.689,451.775,720.83,306.36,-5275.84,132.50, 10004,429.148,2018/08/11 02:19:42
3602715037,-.651,451.815,720.83,306.36,-5275.84,132.50, 10004,429.148,2018/08/11 02:19:43
3602715038,-.709,451.751,720.76,306.37,-5275.84,132.51, 10004,429.148,2018/08/11 02:19:44
3602715039,-.698,451.764,720.83,306.38,-5275.84,132.51, 10004,429.148,2018/08/11 02:19:45
3602715041,-.706,451.764,721.09,306.39,-5221.15,132.50, 10004,429.148,2018/08/11 02:19:47
3602715042,-.717,451.744,720.83,306.39,-5275.84,132.50, 10004,429.148,2018/08/11 02:19:48
3602715043,-.700,451.762,720.83,306.39,-5276.63,132.50, 10004,429.148,2018/08/11 02:19:49
3602715044,-.691,451.771,720.83,306.39,-5276.63,132.50, 10004,429.148,2018/08/11 02:19:50
3602715045,-.683,451.779,720.83,306.40,-5277.43,132.50, 10004,429.148,2018/08/11 02:19:51
3602715046,-.592,451.874,720.83,306.40,-5276.63,132.49, 10004,429.148,2018/08/11 02:19:52
3602715047,-.782,451.675,720.83,306.41,-5276.63,132.50, 10004,429.148,2018/08/11 02:19:53
3602715048,-.734,451.723,720.76,306.41,-5276.63,132.50, 10004,429.148,2018/08/11 02:19:54
3602715049,-.688,451.772,720.83,306.41,-5276.63,132.50, 10004,429.148,2018/08/11 02:19:55
3602715050,-.762,451.695,720.83,306.41,-5277.43,132.49, 10004,429.148,2018/08/11 02:19:56
3602715051,-.739,451.717,720.76,306.42,-5277.43,132.50, 10004,429.148,2018/08/11 02:19:57
3602715052,-.706,451.751,720.76,306.43,-5276.63,132.49, 10004,429.148,2018/08/11 02:19:58
3602715053,-.709,451.750,720.83,306.43,-5276.63,132.49, 10004,429.148,2018/08/11 02:19:59
3602715054,-.746,451.709,720.76,306.43,-5277.43,132.49, 10004,429.148,2018/08/11 02:20:00
3602715055,-.722,451.733,720.76,306.43,-5277.43,132.49, 10004,429.148,2018/08/11 02:20:01
3602715056,-.779,451.674,720.76,306.44,-5277.43,132.49, 10004,429.148,2018/08/11 02:20:02
3602715057,-.664,451.793,720.76,306.45,-5277.43,132.50, 10004,429.148,2018/08/11 02:20:04
3602715058,-.759,451.696,720.83,306.45,-5277.43,132.49, 10004,429.148,2018/08/11 02:20:05
3602715060,-.721,451.735,720.83,306.45,-5277.43,132.50, 10004,429.148,2018/08/11 02:20:06
3602715060,-.710,451.745,720.76,306.45,-5277.43,132.50, 10004,429.148,2018/08/11 02:20:07
3602715062,-.669,451.787,720.76,306.46,-5277.43,132.49, 10004,429.148,2018/08/11 02:20:08
